Population	Parent	Identity	DriverIdentity	DriverMutations	MigrationMutations	Immortal	PassengerMutations	BirthRate	MigrationRate	OriginTime	Descendants
520067	0	0	0	0	0	1	0	1.000000	1.000000	0.000000	1000000
67	0	24	24	1	0	1	0	1.125300	1.000000	160.770599	856
97	0	13	13	1	0	1	0	1.168425	1.000000	132.492615	715
11576	0	115	115	1	0	1	0	1.535458	1.000000	252.965179	68766
573	13	205	205	2	0	1	0	1.275248	1.000000	299.840485	618
231	0	135	135	1	0	1	0	1.257659	1.000000	266.019562	4565
1509	0	143	143	1	0	1	0	1.154969	1.000000	269.168549	1509
1860	0	494	494	1	0	1	0	1.205689	1.000000	399.806396	5274
823	0	193	193	1	0	1	0	1.371883	1.000000	291.034363	27550
5392	0	256	256	1	0	1	0	1.297654	1.000000	321.778717	10797
27	0	281	281	1	0	1	0	1.133105	1.000000	332.117828	27
3405	115	286	286	2	0	1	0	1.826254	1.000000	333.648895	8244
44	0	347	347	1	0	1	0	1.058297	1.000000	355.300964	44
1279	0	489	489	1	0	1	0	1.136141	1.000000	397.452301	4861
408	0	470	470	1	0	1	0	1.323893	1.000000	392.757233	1426
1827	135	664	664	2	0	1	0	1.431360	1.000000	443.083862	1838
1205	0	587	587	1	0	1	0	1.240260	1.000000	424.219910	1205
1007	0	515	515	1	0	1	0	1.189845	1.000000	404.681763	1007
881	193	703	703	2	0	1	0	1.671535	1.000000	451.613586	26627
45	0	730	730	1	0	1	0	1.270475	1.000000	457.162628	3127
3307	0	602	602	1	0	1	0	1.277422	1.000000	426.871155	3310
6401	115	575	575	2	0	1	0	1.928849	1.000000	421.255432	8728
1612	0	678	678	1	0	1	0	1.183022	1.000000	445.966370	1612
52	0	611	611	1	0	1	0	1.146912	1.000000	428.879211	469
9104	0	728	728	1	0	1	0	1.344209	1.000000	456.521606	11037
4709	0	601	601	1	0	1	0	1.274722	1.000000	426.715027	6643
407	0	765	765	1	0	1	0	1.191089	1.000000	465.250153	407
1013	0	1791	1791	1	0	1	0	1.120560	1.000000	614.154114	1013
96	0	954	954	1	0	1	1	1.019675	1.000000	498.791901	96
5917	0	809	809	1	0	1	0	1.214430	1.000000	473.233002	5948
156	0	935	935	1	0	1	0	1.178021	1.000000	494.720581	156
8683	0	961	961	1	0	1	1	1.255749	1.000000	500.915009	8933
53	0	903	903	1	0	1	0	1.003874	1.000000	490.258179	53
900	0	1160	1160	1	0	1	0	1.050093	1.000000	530.940002	900
3921	0	986	986	1	0	1	0	1.272716	1.000000	505.192047	7766
5829	0	1012	1012	1	0	1	1	1.272607	1.000000	508.838318	5831
193	0	1083	1083	1	0	1	0	1.043380	1.000000	517.955444	193
972	0	1063	1063	1	0	1	0	1.306029	1.000000	515.752808	1125
8168	0	1228	1228	1	0	1	0	1.409812	1.000000	539.859741	13413
116820	0	1031	1031	1	0	1	1	1.420400	1.000000	511.617676	143332
103	0	1027	1027	1	0	1	1	1.078172	1.000000	510.815369	103
3062	0	1089	1089	1	0	1	0	1.230321	1.000000	518.594849	3062
6306	0	1364	1364	1	0	1	0	1.289861	1.000000	558.679626	6309
12404	115	1144	1144	2	0	1	0	1.974841	1.000000	528.493591	15731
22	0	1157	1157	1	0	1	0	1.143317	1.000000	530.766602	22
3713	0	1172	1172	1	0	1	0	1.249742	1.000000	532.450317	3825
6673	0	1206	1206	1	0	1	0	1.285768	1.000000	536.869995	7864
1034	0	1417	1417	1	0	1	0	1.116814	1.000000	565.363037	1034
817	0	1311	1311	1	0	1	1	1.154422	1.000000	552.079041	817
5762	0	1335	1335	1	0	1	1	1.208475	1.000000	554.605652	5763
2050	0	1287	1287	1	0	1	0	1.292192	1.000000	548.513062	4490
215	0	1454	1454	1	0	1	0	1.111236	1.000000	571.899170	215
3537	489	1327	1327	2	0	1	0	1.309775	1.000000	553.373230	3537
1373	0	1350	1350	1	0	1	0	1.455406	1.000000	556.385742	1373
85	0	1296	1296	1	0	1	0	1.176001	1.000000	550.148987	85
679	0	1262	1262	1	0	1	0	1.156905	1.000000	544.810669	679
3278	0	1586	1586	1	0	1	0	1.239450	1.000000	590.628418	3296
3677	0	1524	1524	1	0	1	0	1.206475	1.000000	581.411377	3677
2206	0	1347	1347	1	0	1	0	1.153530	1.000000	556.071472	2208
1006	0	1332	1332	1	0	1	1	1.202617	1.000000	554.044006	1006
926	256	1474	1474	2	0	1	0	1.397471	1.000000	574.238953	1001
968	0	1514	1514	1	0	1	0	1.108943	1.000000	580.200012	2302
811	115	2040	2040	2	0	1	1	1.758713	1.000000	642.175659	811
3082	730	1546	1546	2	0	1	0	1.432912	1.000000	585.035583	3082
7202	0	1480	1480	1	0	1	0	1.473909	1.000000	574.764038	9268
3472	0	1494	1494	1	0	1	0	1.303367	1.000000	577.639954	3644
782	1514	1714	1714	2	0	1	0	1.127169	1.000000	605.939575	1334
59	115	1755	1755	2	0	1	0	1.735176	1.000000	610.104492	59
12569	0	1734	1734	1	0	1	0	1.501584	1.000000	607.798706	12579
3504	0	1691	1691	1	0	1	1	1.273597	1.000000	602.261108	3505
1047	0	1850	1850	1	0	1	0	1.154146	1.000000	620.776855	1047
986	0	1611	1611	1	0	1	0	1.199646	1.000000	593.438721	986
2269	0	2569	2569	1	0	1	0	1.112221	1.000000	693.034485	2269
262	0	2050	2050	1	0	1	0	1.120438	1.000000	642.723328	304
1911	601	1925	1925	2	0	1	0	1.450965	1.000000	630.106689	1934
17	1031	5693	5693	2	0	1	1	1.536721	1.000000	875.654541	17
1793	135	1876	1876	2	0	1	0	1.667584	1.000000	624.403809	2494
212	986	2530	2530	2	0	1	0	1.351767	1.000000	688.708618	212
1045	0	1914	1914	1	0	1	0	1.107158	1.000000	628.185059	1303
2879	256	1909	1909	2	0	1	0	1.496888	1.000000	627.782532	2879
725	0	1960	1960	1	0	1	1	1.123462	1.000000	634.357239	725
2621	0	1965	1965	1	0	1	0	1.230695	1.000000	634.709961	2621
12737	703	1966	1966	3	0	1	0	2.141636	1.000000	634.731384	12871
3850	0	2154	2154	1	0	1	0	1.289873	1.000000	652.383484	4164
318	0	1984	1984	1	0	1	0	1.112732	1.000000	636.480408	1674
617	0	2207	2207	1	0	1	0	1.160211	1.000000	658.767578	617
3207	1031	2076	2076	2	0	1	2	1.650209	1.000000	644.778625	3215
729	494	2064	2064	2	0	1	0	1.329931	1.000000	644.024170	729
1529	0	3080	3080	1	0	1	0	1.269870	1.000000	732.230957	1529
848	0	2032	2032	1	0	1	1	1.180888	1.000000	641.484741	848
69	0	2528	2528	1	0	1	0	1.045831	1.000000	688.492004	69
3000	0	2344	2344	1	0	1	0	1.290091	1.000000	670.806152	3033
3374	986	2273	2273	2	0	1	0	1.497280	1.000000	664.194824	3590
762	1031	2469	2469	2	0	1	1	1.612481	1.000000	682.925110	762
621	0	2125	2125	1	0	1	0	1.167510	1.000000	650.173767	622
304	0	2356	2356	1	0	1	0	1.029560	1.000000	671.811096	304
276	0	2919	2919	1	0	1	0	1.084183	1.000000	720.304932	276
493	0	2271	2271	1	0	1	0	1.117798	1.000000	663.964539	493
667	0	2367	2367	1	0	1	0	1.105891	1.000000	672.433594	667
12024	115	2415	2415	2	0	1	0	2.320514	1.000000	677.664124	18274
701	1876	3543	3543	3	0	1	0	2.089151	1.000000	764.426392	701
3456	0	2427	2427	1	0	1	0	1.300788	1.000000	678.575073	3456
13642	1031	2513	2513	2	0	1	1	2.139947	1.000000	687.316650	14447
174	1206	2451	2451	2	0	1	1	1.312351	1.000000	681.530396	174
1479	0	2462	2462	1	0	1	0	1.225818	1.000000	682.304199	2207
2402	0	2603	2603	1	0	1	0	1.301177	1.000000	695.817261	2402
340	0	2597	2597	1	0	1	0	1.225389	1.000000	695.021667	340
417	611	2924	2924	2	0	1	0	1.278368	1.000000	720.584412	417
1235	728	2475	2475	2	0	1	0	1.492055	1.000000	683.502380	1235
252	0	2496	2496	1	0	1	1	1.075613	1.000000	685.625488	252
348	1031	2519	2519	2	0	1	1	1.439768	1.000000	687.734985	348
2461	494	2620	2620	2	0	1	0	1.431505	1.000000	697.740356	2496
3147	1144	2645	2645	3	0	1	0	2.201803	1.000000	699.314087	3231
392	0	3699	3699	1	0	1	0	1.163651	1.000000	774.570862	392
880	0	2827	2827	1	0	1	0	1.246611	1.000000	712.976501	880
129	0	2561	2561	1	0	1	0	1.126695	1.000000	691.545227	129
1493	115	2925	2925	2	0	1	0	1.726766	1.000000	720.613281	1493
1992	0	2654	2654	1	0	1	0	1.294752	1.000000	700.046265	1992
687	0	2560	2560	1	0	1	0	1.188476	1.000000	691.428650	687
3839	1228	2610	2610	2	0	1	0	1.746846	1.000000	696.933655	3849
469	256	2655	2655	2	0	1	0	1.410204	1.000000	700.053406	469
8490	703	3177	3177	3	0	1	0	2.473145	1.000000	739.777710	12875
2834	286	2778	2778	3	0	1	1	2.212896	1.000000	709.094177	3049
1051	0	3123	3123	1	0	1	0	1.207809	1.000000	735.791382	1051
382	0	2945	2945	1	0	1	1	1.082079	1.000000	722.151184	382
1858	0	2748	2748	1	0	1	0	1.366608	1.000000	706.729797	1858
14	1031	3358	3358	2	0	1	1	1.448246	1.000000	751.862366	14
1000	470	2814	2814	2	0	1	1	1.623742	1.000000	712.101501	1000
822	0	3015	3015	1	0	1	0	1.162498	1.000000	727.016602	822
835	1228	2928	2928	2	0	1	1	1.547529	1.000000	720.876587	835
403	0	2832	2832	1	0	1	0	1.110710	1.000000	713.217468	403
1057	0	2882	2882	1	0	1	0	1.235481	1.000000	717.870056	1057
1352	1984	3062	3062	2	0	1	0	1.259125	1.000000	730.671387	1352
1141	0	3133	3133	1	0	1	0	1.235208	1.000000	736.492493	1141
298	1031	2942	2942	2	0	1	1	1.733338	1.000000	721.931702	298
377	0	2988	2988	1	0	1	0	1.159123	1.000000	725.197998	377
30	0	2972	2972	1	0	1	0	1.056847	1.000000	724.178955	30
37	115	2975	2975	2	0	1	0	1.563842	1.000000	724.219482	37
3	602	3000	3000	2	0	1	0	1.364572	1.000000	725.909729	3
301	256	3130	3130	2	0	1	0	1.465917	1.000000	736.314758	301
2131	575	3542	3542	3	0	1	0	2.391600	1.000000	764.418823	2131
155	0	3173	3173	1	0	1	0	1.081860	1.000000	739.538696	155
92	0	3143	3143	1	0	1	1	1.025481	1.000000	737.042969	92
96	193	3218	3218	2	0	1	0	1.791135	1.000000	742.922668	96
45	205	3240	3240	3	0	1	0	1.390425	1.000000	744.234985	45
33	0	3359	3359	1	0	1	0	1.062423	1.000000	751.953308	33
367	0	3289	3289	1	0	1	0	1.240828	1.000000	747.108765	367
254	0	3432	3432	1	0	1	0	1.116392	1.000000	757.786316	254
4113	2415	3466	3466	3	0	1	0	2.827891	1.000000	759.527832	5613
153	1063	5109	5109	2	0	1	0	1.491122	1.000000	849.519226	153
2243	0	3411	3411	1	0	1	0	1.414703	1.000000	755.973206	2243
92	256	3592	3592	2	0	1	0	1.408890	1.000000	767.347656	92
176	1031	3317	3317	2	0	1	1	1.469447	1.000000	748.821594	176
1726	115	3327	3327	2	0	1	0	1.902240	1.000000	749.587280	1741
264	0	3473	3473	1	0	1	0	1.137494	1.000000	759.907959	264
51	256	3330	3330	2	0	1	0	1.384799	1.000000	749.707825	51
396	0	4081	4081	1	0	1	0	1.149468	1.000000	796.052612	396
1215	0	3407	3407	1	0	1	0	1.212172	1.000000	755.707031	1217
246	0	3526	3526	1	0	1	0	1.320987	1.000000	763.545349	542
10	0	3880	3880	1	0	1	0	1.029947	1.000000	785.850647	10
349	256	3874	3874	2	0	1	0	1.410614	1.000000	785.270203	349
971	1031	3570	3570	2	0	1	1	1.659260	1.000000	766.177979	973
499	0	3576	3576	1	0	1	0	1.248609	1.000000	766.561401	499
526	286	3583	3583	3	0	1	0	1.992341	1.000000	767.007996	526
119	0	3584	3584	1	0	1	0	1.147195	1.000000	767.031982	119
935	0	3647	3647	1	0	1	0	1.216697	1.000000	771.156982	1038
13	0	4026	4026	1	0	1	0	1.174563	1.000000	793.122070	13
224	0	3642	3642	1	0	1	0	1.127196	1.000000	770.833801	224
398	1031	3658	3658	2	0	1	2	1.551740	1.000000	772.048279	398
2440	1287	3669	3669	2	0	1	0	1.701974	1.000000	772.753235	2440
57	3177	5230	5230	4	0	1	0	2.601745	1.000000	855.504333	57
789	24	4216	4216	2	0	1	0	1.643263	1.000000	804.225037	789
603	2415	3961	3961	3	0	1	0	2.595213	1.000000	789.388794	603
773	286	3744	3744	3	0	1	0	2.085529	1.000000	777.319519	773
172	1494	3683	3683	2	0	1	0	1.436827	1.000000	773.612793	172
87	0	3679	3679	1	0	1	0	1.032070	1.000000	773.200439	87
486	286	3746	3746	3	0	1	0	2.098021	1.000000	777.563904	486
99	0	3712	3712	1	0	1	0	1.095580	1.000000	775.195251	99
550	1714	3862	3862	3	0	1	0	1.293947	1.000000	784.521667	552
17	0	3804	3804	1	0	1	0	1.039124	1.000000	781.192383	17
314	2154	4415	4415	2	0	1	0	1.357102	1.000000	813.728882	314
2788	0	4135	4135	1	0	1	1	1.612044	1.000000	799.117493	2788
42	0	4353	4353	1	0	1	0	1.006659	1.000000	811.300781	42
3212	1031	3764	3764	2	0	1	1	2.070599	1.000000	778.417786	3213
561	1228	3787	3787	2	0	1	0	1.618285	1.000000	779.541016	561
6	0	3907	3907	1	0	1	0	1.096267	1.000000	787.102112	6
641	0	4237	4237	1	0	1	1	1.349145	1.000000	805.781250	641
258	0	3996	3996	1	0	1	0	1.168594	1.000000	791.083130	258
13	0	5795	5795	1	0	1	0	1.141560	1.000000	880.257446	13
110	1172	3903	3903	2	0	1	0	1.358210	1.000000	786.936951	110
242	1914	3908	3908	2	0	1	0	1.113021	1.000000	787.139282	242
135	0	3918	3918	1	0	1	0	1.096513	1.000000	787.627197	135
1173	1031	4261	4261	2	0	1	1	1.980722	1.000000	807.079041	1502
63	0	4675	4675	1	0	1	0	1.082804	1.000000	826.739136	63
14	0	3982	3982	1	0	1	0	1.019215	1.000000	790.068970	14
2054	1480	4223	4223	2	0	1	0	1.973197	1.000000	804.830383	2065
172	575	4064	4064	3	0	1	0	2.338436	1.000000	794.835144	183
4265	3177	4364	4364	4	0	1	0	2.941746	1.000000	811.771301	4324
683	115	4144	4144	2	0	1	0	1.871394	1.000000	799.717590	683
18	0	3955	3955	1	0	1	0	1.124059	1.000000	789.086304	18
187	0	4242	4242	1	0	1	0	1.096568	1.000000	806.155029	187
824	1206	4167	4167	2	0	1	1	1.609082	1.000000	801.217346	824
92	1031	4329	4329	2	0	1	1	1.586430	1.000000	810.045044	92
122	1031	4539	4539	2	0	1	1	1.476722	1.000000	820.338196	122
215	2778	4191	4191	4	0	1	1	2.362375	1.000000	802.521057	215
216	2273	4767	4767	3	0	1	0	1.810054	1.000000	831.942749	216
23	0	4290	4290	1	0	1	0	1.019747	1.000000	808.507812	23
704	2513	4680	4680	3	0	1	2	2.556810	1.000000	827.055481	704
535	728	4304	4304	2	0	1	0	1.623673	1.000000	809.204529	559
189	494	4758	4758	2	0	1	1	1.405469	1.000000	831.406433	189
5	0	4747	4747	1	0	1	0	1.252065	1.000000	830.861816	5
412	0	4896	4896	1	0	1	0	1.441143	1.000000	838.122375	412
109	961	4935	4935	2	0	1	1	1.628305	1.000000	840.192932	109
2	0	4640	4640	1	0	1	0	1.052660	1.000000	824.735657	2
3	0	6575	6575	1	0	0	0	1.028711	1.000000	913.877747	3
14	1206	4926	4926	2	0	1	0	1.294260	1.000000	839.411987	14
18	0	4465	4465	1	0	1	0	1.072156	1.000000	817.168579	18
1369	115	4564	4564	2	0	1	0	2.158380	1.000000	821.811462	1388
254	256	4468	4468	2	0	1	0	1.521844	1.000000	817.227966	254
63	2513	6012	6012	3	0	1	2	2.169861	1.000000	890.667480	63
160	0	4820	4820	1	0	1	0	1.111090	1.000000	834.836853	160
82	0	4480	4480	1	0	1	0	1.032284	1.000000	817.676880	82
4	193	5159	5159	2	0	1	0	1.377017	1.000000	852.223938	4
149	0	4959	4959	1	0	1	0	1.248826	1.000000	841.390137	149
54	0	5964	5964	1	0	1	0	1.007602	1.000000	888.671753	54
148	0	4834	4834	1	0	1	0	1.182873	1.000000	835.481323	148
45	489	4602	4602	2	0	1	1	1.204469	1.000000	823.287659	45
16	1914	4731	4731	2	0	1	0	1.127655	1.000000	829.818176	16
728	2462	4633	4633	2	0	1	0	1.531815	1.000000	824.429443	728
17	0	5459	5459	1	0	1	0	1.067394	1.000000	865.568970	17
76	0	4733	4733	1	0	1	1	1.226886	1.000000	830.052490	76
11	4223	6015	6015	3	0	1	0	2.086749	1.000000	890.729065	11
304	0	4833	4833	1	0	1	1	1.312988	1.000000	835.442078	304
10	0	4807	4807	1	0	1	0	1.038264	1.000000	834.302734	10
47	1031	5437	5437	2	0	1	1	1.535606	1.000000	864.526733	47
39	0	5169	5169	1	0	1	0	1.257667	1.000000	852.541687	39
18	961	6034	6034	2	0	1	1	1.340919	1.000000	891.398987	18
29	0	4784	4784	1	0	1	0	1.043386	1.000000	832.627991	29
33	2344	4971	4971	2	0	1	0	1.373918	1.000000	842.091797	33
23	0	5020	5020	1	0	1	0	1.059110	1.000000	844.975098	23
12	0	5098	5098	1	0	1	0	1.045004	1.000000	848.834412	12
18	0	5247	5247	1	0	1	0	1.000617	1.000000	856.463440	18
296	3526	5017	5017	2	0	1	0	1.562633	1.000000	844.857117	296
15	0	5613	5613	1	0	1	0	1.093351	1.000000	872.644043	15
75	1474	4881	4881	3	0	1	0	1.490945	1.000000	837.653992	75
5	0	6533	6533	1	0	0	0	1.027489	1.000000	911.989746	5
48	0	4909	4909	1	0	1	0	1.118614	1.000000	838.747314	48
52	961	5177	5177	2	0	1	1	1.356850	1.000000	852.871521	52
469	1031	5000	5000	2	0	1	1	1.938793	1.000000	843.489075	469
139	0	4941	4941	1	0	1	0	1.313144	1.000000	840.409119	139
33	0	4922	4922	1	0	1	0	1.015519	1.000000	839.124756	33
82	728	5005	5005	2	0	1	0	1.387013	1.000000	843.969604	82
9	256	5395	5395	2	0	1	0	1.316918	1.000000	862.607422	9
57	0	4999	4999	1	0	1	0	1.076695	1.000000	843.431885	57
68	1031	4984	4984	2	0	1	1	1.538453	1.000000	842.611511	68
23	0	5002	5002	1	0	1	0	1.081119	1.000000	843.575806	23
329	4261	5231	5231	3	0	1	1	2.169149	1.000000	855.511292	329
23	0	5028	5028	1	0	1	0	1.001704	1.000000	845.330444	23
9	0	5352	5352	1	0	1	0	1.039844	1.000000	860.828918	9
32	1966	5294	5294	4	0	1	0	2.369134	1.000000	858.683777	32
33	0	5061	5061	1	0	1	0	1.112981	1.000000	846.953735	33
5	0	5749	5749	1	0	1	0	1.114923	1.000000	878.267639	5
22	0	5141	5141	1	0	1	1	1.087520	1.000000	851.199951	22
137	0	5107	5107	1	0	1	0	1.210105	1.000000	849.391174	137
15	0	5274	5274	1	0	1	1	1.024189	1.000000	857.657959	15
42	0	5084	5084	1	0	1	0	1.271841	1.000000	847.885864	42
54	0	5407	5407	1	0	1	0	1.347831	1.000000	863.159058	54
32	0	5359	5359	1	0	1	0	1.023975	1.000000	861.175354	32
103	0	5170	5170	1	0	1	0	1.161564	1.000000	852.544006	103
24	1031	5455	5455	2	0	1	1	1.463860	1.000000	865.439148	24
50	0	5311	5311	1	0	1	0	1.179205	1.000000	859.157104	50
6	728	5525	5525	2	0	1	0	1.499591	1.000000	868.837524	6
3	0	5264	5264	1	0	1	0	1.006933	1.000000	857.255554	3
20	0	5320	5320	1	0	1	0	1.005742	1.000000	859.439087	20
14	0	5721	5721	1	0	1	0	1.111042	1.000000	877.306152	14
18	1586	5197	5197	2	0	1	0	1.472024	1.000000	853.878479	18
24	1966	5418	5418	4	0	1	0	2.156477	1.000000	863.866882	24
23	0	6074	6074	1	0	1	0	1.009837	1.000000	893.167358	23
56	0	5508	5508	1	0	1	0	1.056577	1.000000	868.204529	56
6	0	5309	5309	1	0	1	1	1.010416	1.000000	859.108398	6
9	0	5225	5225	1	0	1	0	1.314094	1.000000	855.255920	9
2	135	6529	6529	2	0	0	0	1.315301	1.000000	911.814026	2
212	1031	5931	5931	2	0	1	1	2.100308	1.000000	887.274963	212
21	986	5822	5822	2	0	1	0	1.401218	1.000000	882.279175	21
1	1031	6603	6603	2	0	0	1	1.873221	1.000000	915.042725	1
17	0	6314	6314	1	0	1	0	1.109663	1.000000	903.162903	17
36	961	5591	5591	2	0	1	1	1.343816	1.000000	871.606445	36
11	0	6290	6290	1	0	1	2	1.126655	1.000000	901.921082	11
25	0	5385	5385	1	0	1	0	1.070961	1.000000	862.167480	25
58	1144	5893	5893	3	0	1	0	2.211282	1.000000	885.154785	58
103	3647	5534	5534	2	0	1	0	1.448782	1.000000	869.382690	103
19	4564	6196	6196	3	0	1	0	2.381044	1.000000	897.820679	19
9	1031	5427	5427	2	0	1	1	1.441115	1.000000	864.256287	9
1474	3466	5518	5518	4	0	1	1	3.749705	1.000000	868.575134	1474
275	0	5804	5804	1	0	1	0	1.726130	1.000000	880.804871	275
41	0	5476	5476	1	0	1	1	1.027231	1.000000	866.647461	41
27	1031	6136	6136	2	0	1	1	1.587918	1.000000	895.712219	27
10	2610	5975	5975	3	0	1	0	1.759403	1.000000	889.058533	10
84	2645	5643	5643	4	0	1	0	2.408743	1.000000	873.499023	84
1	0	6601	6601	1	0	0	0	1.219685	1.000000	914.931458	1
2	961	6410	6410	2	0	0	1	1.409081	1.000000	907.053711	2
23	1925	5617	5617	3	0	1	0	1.711386	1.000000	872.718140	23
14	0	6070	6070	1	0	1	0	1.299694	1.000000	893.000122	14
55	0	5565	5565	1	0	1	0	1.173843	1.000000	870.524048	55
5	0	6205	6205	1	0	0	0	1.116696	1.000000	898.127747	5
26	3466	5792	5792	4	0	1	0	2.886508	1.000000	880.205933	26
14	0	6088	6088	1	0	1	0	1.066759	1.000000	893.871887	14
81	0	5848	5848	1	0	1	0	1.409252	1.000000	883.107910	81
179	1206	5657	5657	2	0	1	1	1.756948	1.000000	873.956604	179
32	0	5618	5618	1	0	1	1	1.059865	1.000000	872.720398	32
2	0	6526	6526	1	0	0	0	1.145164	1.000000	911.721680	2
42	2050	5709	5709	2	0	1	0	1.231691	1.000000	876.467102	42
24	0	5796	5796	1	0	1	0	1.161993	1.000000	880.318604	24
11	2513	6507	6507	3	0	1	1	2.703472	1.000000	911.036011	11
20	1031	5810	5810	2	0	1	1	1.449275	1.000000	881.694458	20
29	0	6280	6280	1	0	1	0	1.254873	1.000000	901.546570	29
7	664	6419	6419	3	0	0	1	1.529019	1.000000	907.293335	7
4	1984	5920	5920	2	0	1	1	1.240369	1.000000	886.763000	4
18	470	5780	5780	2	0	1	0	1.658561	1.000000	879.368530	18
15	2415	6428	6428	3	0	1	0	2.634536	1.000000	907.606628	15
28	961	5741	5741	2	0	1	2	1.343349	1.000000	877.913208	28
12	0	5908	5908	1	0	1	0	1.015562	1.000000	885.831726	12
13	575	5748	5748	3	0	1	0	2.040297	1.000000	878.215393	13
20	986	5755	5755	2	0	1	0	1.278426	1.000000	878.503540	20
12	0	5923	5923	1	0	1	0	1.030849	1.000000	886.783813	12
3	0	6594	6594	1	0	0	0	1.012601	1.000000	914.687439	3
45	0	5762	5762	1	0	1	0	1.040656	1.000000	878.674255	45
22	728	6188	6188	2	0	1	0	1.473487	1.000000	897.413940	22
32	1031	5842	5842	2	0	1	1	1.463674	1.000000	882.945068	32
5	0	6200	6200	1	0	0	0	1.062213	1.000000	897.955200	5
1	1480	6348	6348	2	0	0	0	1.478725	1.000000	904.501160	1
89	0	5846	5846	1	0	1	0	1.396853	1.000000	883.007202	89
29	728	5965	5965	2	0	1	0	1.710475	1.000000	888.677734	29
2	1031	6246	6246	2	0	0	1	1.706910	1.000000	899.959717	2
13	3327	5905	5905	3	0	1	0	2.084220	1.000000	885.651489	13
3	0	6424	6424	1	0	0	0	1.040643	1.000000	907.413147	3
1	1144	6572	6572	3	0	0	0	2.012155	1.000000	913.852112	1
2	0	6584	6584	1	0	0	0	1.010455	1.000000	914.143372	2
5	0	6394	6394	1	0	0	1	1.215013	1.000000	906.350647	5
10	0	6364	6364	1	0	1	0	1.048057	1.000000	905.182129	10
5	0	6185	6185	1	0	0	0	1.023643	1.000000	897.303284	5
1	0	6555	6555	1	0	0	0	1.310148	1.000000	913.115540	1
14	0	6022	6022	1	0	1	0	1.022793	1.000000	891.038391	14
4	0	6122	6122	1	0	1	0	1.149901	1.000000	895.304993	4
19	0	6152	6152	1	0	1	0	1.278371	1.000000	896.329834	19
5	286	6086	6086	3	0	1	0	1.851868	1.000000	893.683289	5
35	2620	5982	5982	3	0	1	0	1.596469	1.000000	889.336487	35
8	2415	6387	6387	3	0	0	0	2.565419	1.000000	905.896362	8
31	809	6031	6031	2	0	1	0	1.276482	1.000000	891.315735	31
4	0	6020	6020	1	0	1	0	1.030409	1.000000	890.944580	4
11	0	6312	6312	1	0	1	0	1.004542	1.000000	903.020325	11
1	0	6564	6564	1	0	0	0	1.024622	1.000000	913.555420	1
1	2125	6609	6609	2	0	0	0	1.249989	1.000000	915.406189	1
13	1144	5992	5992	3	0	1	0	2.171479	1.000000	889.762756	13
6	2415	6431	6431	3	0	1	0	2.334110	1.000000	907.848328	6
4	0	6535	6535	1	0	0	0	1.167362	1.000000	912.154053	4
2	961	6536	6536	2	0	0	1	1.257734	1.000000	912.280090	2
6	0	6359	6359	1	0	0	0	1.022901	1.000000	904.804199	6
11	0	6258	6258	1	0	1	0	1.185331	1.000000	900.481812	11
5	1031	6579	6579	2	0	0	1	1.471412	1.000000	913.968445	5
10	1031	6053	6053	2	0	1	2	1.480105	1.000000	892.231873	10
11	1966	6199	6199	4	0	1	0	2.232163	1.000000	897.943176	11
8	1966	6420	6420	4	0	1	0	2.160518	1.000000	907.319519	8
1	0	6596	6596	1	0	0	0	1.003061	1.000000	914.748657	1
3	0	6566	6566	1	0	0	0	1.013040	1.000000	913.598083	3
2	986	6447	6447	2	0	0	0	1.542856	1.000000	908.707214	2
4	1031	6475	6475	2	0	0	1	1.444578	1.000000	909.528320	4
26	2513	6203	6203	3	0	1	3	2.862716	1.000000	898.049927	26
1	1031	6607	6607	2	0	0	1	1.770961	1.000000	915.189941	1
7	0	6409	6409	1	0	1	0	1.072105	1.000000	906.992798	7
5	0	6582	6582	1	0	0	0	1.064813	1.000000	914.057312	5
21	0	6132	6132	1	0	1	0	1.233594	1.000000	895.544617	21
4	3177	6597	6597	4	0	0	0	2.836393	1.000000	914.762390	4
17	0	6301	6301	1	0	1	0	1.005368	1.000000	902.360901	17
1	2513	6605	6605	3	0	0	1	2.154191	1.000000	915.155579	1
59	1966	6166	6166	4	0	1	1	2.447189	1.000000	896.710754	59
3	961	6403	6403	2	0	0	1	1.372579	1.000000	906.725769	3
2	1364	6169	6169	2	0	0	0	1.292941	1.000000	896.806763	2
5	2415	6602	6602	3	0	0	0	2.431118	1.000000	914.936218	5
2	0	6268	6268	1	0	0	0	1.028975	1.000000	901.072449	2
56	4364	6400	6400	5	0	1	0	3.039761	1.000000	906.627136	56
19	0	6406	6406	1	0	1	0	1.027576	1.000000	906.800903	19
5	0	6438	6438	1	0	0	0	1.000354	1.000000	908.185120	5
24	4304	6239	6239	3	0	1	0	1.789815	1.000000	899.567749	24
2	3862	6397	6397	4	0	0	0	1.310090	1.000000	906.423340	2
2	0	6591	6591	1	0	0	0	1.025381	1.000000	914.598877	2
11	4064	6441	6441	4	0	1	1	2.663667	1.000000	908.375122	11
1	115	6341	6341	2	0	0	0	1.663714	1.000000	904.240967	1
1	0	6606	6606	1	0	0	0	1.039412	1.000000	915.174255	1
1	0	6593	6593	1	0	0	0	1.093804	1.000000	914.660034	1
2	4364	6586	6586	5	0	0	0	3.355877	1.000000	914.309692	2
7	0	6307	6307	1	0	1	0	1.036584	1.000000	902.726562	7
5	0	6352	6352	1	0	1	0	1.069490	1.000000	904.611145	5
10	1734	6315	6315	2	0	1	0	1.548631	1.000000	903.208435	10
2	0	6427	6427	1	0	0	0	1.055360	1.000000	907.553528	2
1	0	6457	6457	1	0	0	0	1.004294	1.000000	909.039734	1
2	1172	6549	6549	2	0	0	0	1.407151	1.000000	912.881042	2
1	4364	6604	6604	5	0	0	0	2.942552	1.000000	915.143188	1
1	1031	6612	6612	2	0	0	1	1.775700	1.000000	915.518005	1
1	0	6442	6442	1	0	0	0	1.067362	1.000000	908.380981	1
2	0	6434	6434	1	0	0	0	1.061824	1.000000	908.003845	2
21	1144	6393	6393	3	0	1	0	2.113775	1.000000	906.342651	21
2	0	6587	6587	1	0	0	0	1.013377	1.000000	914.390137	2
10	0	6437	6437	1	0	1	0	1.006477	1.000000	908.113586	10
1	1364	6454	6454	2	0	0	0	1.301960	1.000000	908.973755	1
1	1691	6456	6456	2	0	0	1	1.547841	1.000000	909.020569	1
1	1335	6578	6578	2	0	0	1	1.304497	1.000000	913.957703	1
1	3764	6611	6611	3	0	0	2	2.263792	1.000000	915.448914	1
1	0	6460	6460	1	0	0	0	1.012270	1.000000	909.122925	1
2	3407	6567	6567	2	0	0	0	1.381840	1.000000	913.653320	2
3	1031	6592	6592	2	0	0	1	1.421495	1.000000	914.622498	3
2	3570	6569	6569	3	0	0	1	1.730754	1.000000	913.730957	2
3	0	6525	6525	1	0	0	0	1.049390	1.000000	911.712402	3
3	1144	6542	6542	3	0	0	0	2.041485	1.000000	912.554626	3
2	1012	6598	6598	2	0	0	1	1.283096	1.000000	914.801208	2
8	2076	6520	6520	3	0	1	2	1.790534	1.000000	911.465088	8
2	3327	6590	6590	3	0	0	0	1.931597	1.000000	914.544617	2
5	0	6527	6527	1	0	0	0	1.047945	1.000000	911.745239	5
2	1347	6589	6589	2	0	0	0	1.506217	1.000000	914.524170	2
12	0	6480	6480	1	0	1	1	1.154161	1.000000	909.658447	12
2	0	6585	6585	1	0	0	1	1.120306	1.000000	914.185425	2
4	664	6504	6504	3	0	0	0	1.485746	1.000000	910.694946	4
6	0	6487	6487	1	0	0	0	1.085654	1.000000	909.908752	6
2	0	6498	6498	1	0	0	0	1.031300	1.000000	910.388611	2
1	0	6538	6538	1	0	0	1	1.168266	1.000000	912.423157	1
