Population	Parent	Identity	DriverIdentity	DriverMutations	MigrationMutations	Immortal	PassengerMutations	BirthRate	MigrationRate	OriginTime	Descendants
204072	0	0	0	0	0	1	0	1.000000	0.000000	0.000000	1000000
120358	0	10	10	1	0	1	0	1.050329	0.000000	107.619476	384606
11822	0	30	30	1	0	1	0	1.211034	0.000000	187.682510	13869
5121	0	61	61	1	0	1	0	1.298446	0.000000	250.601913	6144
14321	0	103	103	1	0	1	0	1.098890	0.000000	311.620209	36864
24251	10	114	114	2	0	1	0	1.261176	0.000000	324.235718	34816
2048	0	125	125	1	0	1	0	1.423796	0.000000	331.015411	2048
9983	10	132	132	2	0	1	0	1.194888	0.000000	334.234131	43008
7852	0	137	137	1	0	1	1	1.276602	0.000000	337.888641	16384
16741	10	138	138	2	0	1	1	1.158872	0.000000	338.460144	21079
8192	0	194	194	1	0	1	0	1.240456	0.000000	364.724030	8192
28542	0	202	202	1	0	1	0	1.523714	0.000000	367.499268	34817
2048	0	179	179	1	0	1	1	1.167186	0.000000	358.893585	2048
0	0	218	218	1	0	1	0	1.266158	0.000000	373.040802	6144
3913	10	214	214	2	0	1	0	1.201733	0.000000	370.831116	4096
24568	213	251	251	3	0	1	0	1.762115	0.000000	385.409760	49154
12270	10	213	213	2	0	1	0	1.432983	0.000000	370.650818	61442
16384	103	354	354	2	0	1	0	1.368272	0.000000	410.576294	16384
4060	10	232	232	2	0	1	0	1.244909	0.000000	377.431396	16385
5883	103	376	376	2	0	1	0	1.267974	0.000000	415.374176	6144
0	0	229	229	1	0	1	0	1.602071	0.000000	377.116760	180230
3107	10	235	235	2	0	1	0	1.207120	0.000000	378.546173	5545
50872	229	255	255	2	0	1	0	2.045005	0.000000	386.089264	180230
499	0	404	404	1	0	1	0	1.023488	0.000000	420.832123	499
2048	0	288	288	1	0	1	0	1.156841	0.000000	395.432587	6144
4095	10	282	282	2	0	1	0	1.163750	0.000000	392.397186	4096
22322	0	271	271	1	0	1	0	1.323400	0.000000	388.439758	22528
0	10	353	353	2	0	1	0	1.196657	0.000000	410.211670	8192
6138	218	303	303	2	0	1	0	1.469671	0.000000	399.457581	6144
36380	255	343	343	3	0	1	0	2.564120	0.000000	407.886780	116741
4096	288	375	375	2	0	1	0	1.324118	0.000000	415.305481	4096
26417	132	417	417	3	0	1	0	1.448776	0.000000	423.399292	26624
3873	0	472	472	1	0	1	0	1.048675	0.000000	432.922119	3873
1612	10	431	431	2	0	1	0	1.437968	0.000000	425.843933	2048
6144	10	530	530	2	0	1	0	1.338422	0.000000	443.062042	6144
7199	0	413	413	1	0	1	0	1.067993	0.000000	422.565002	7201
4096	10	411	411	2	0	1	0	1.171827	0.000000	421.812683	4096
12286	0	557	557	1	0	1	0	1.211877	0.000000	447.030914	12286
8193	0	442	442	1	0	1	0	1.270531	0.000000	428.623383	8193
4087	10	427	427	2	0	1	0	1.127129	0.000000	424.924164	4089
2011	202	432	432	2	0	1	0	1.654626	0.000000	425.847443	2048
8191	114	466	466	3	0	1	0	1.620280	0.000000	431.626984	8192
2048	0	464	464	1	0	1	0	1.316710	0.000000	431.461609	2048
24116	251	461	461	4	0	1	0	2.168257	0.000000	431.169678	24578
2048	0	459	459	1	0	1	0	1.314330	0.000000	431.040375	2048
8185	10	534	534	2	0	1	0	1.217034	0.000000	443.514343	8186
3117	0	512	512	1	0	1	0	1.068722	0.000000	440.018280	3117
1854	0	493	493	1	0	1	0	1.113871	0.000000	436.655609	1854
6144	132	587	587	3	0	1	1	1.649883	0.000000	449.547333	6144
2432	138	517	517	3	0	1	2	1.228109	0.000000	440.791595	2432
2048	10	524	524	2	0	1	0	1.220384	0.000000	442.201630	2048
3476	0	560	560	1	0	1	0	1.136221	0.000000	447.283264	6110
10239	0	546	546	1	0	1	0	1.158413	0.000000	445.299652	10240
3099	10	596	596	2	0	1	0	1.121685	0.000000	450.511444	3099
16157	10	583	583	2	0	1	0	1.220757	0.000000	449.170471	16384
302	114	591	591	3	0	1	0	1.297707	0.000000	450.116486	302
2031	0	575	575	1	0	1	0	1.147721	0.000000	448.387726	2031
25417	343	599	599	4	0	1	0	3.318712	0.000000	451.229523	28672
3941	0	615	615	1	0	1	0	1.125196	0.000000	453.923523	3992
1068	0	633	633	1	0	1	1	1.068099	0.000000	455.716339	1068
11187	232	659	659	3	0	1	0	1.435276	0.000000	458.399109	11197
2031	0	667	667	1	0	1	0	1.146087	0.000000	459.455353	2031
256	132	1099	1099	3	0	1	1	1.233364	0.000000	496.343048	256
319	10	694	694	2	0	1	0	1.096729	0.000000	461.526245	319
2152	0	771	771	1	0	1	0	1.063944	0.000000	470.430206	2152
2047	30	657	657	2	0	1	0	1.370892	0.000000	458.393402	2047
22459	343	665	665	4	0	1	0	2.758840	0.000000	459.228943	22531
3350	343	893	893	4	0	1	0	2.850267	0.000000	481.305389	4096
1400	0	708	708	1	0	1	0	1.037559	0.000000	463.199646	1400
3631	137	766	766	2	0	1	1	1.505885	0.000000	470.007721	4096
12	271	898	898	2	0	1	0	1.394974	0.000000	482.045105	12
613	255	682	682	3	0	1	0	2.062903	0.000000	460.544434	613
15060	343	683	683	4	0	1	0	2.676420	0.000000	460.665253	15075
2048	202	755	755	2	0	1	0	2.276639	0.000000	469.119720	2048
2048	0	728	728	1	0	1	0	1.228477	0.000000	465.637878	2048
261	10	868	868	2	0	1	0	1.084173	0.000000	479.664246	261
2048	202	786	786	2	0	1	0	1.776677	0.000000	472.139252	2048
1906	138	794	794	3	0	1	1	1.372075	0.000000	472.811127	1906
6144	343	790	790	4	0	1	0	3.086401	0.000000	472.251251	6144
24	271	1228	1228	2	0	1	0	1.334292	0.000000	503.104370	24
2048	10	809	809	2	0	1	0	1.530080	0.000000	473.985168	2048
890	0	847	847	1	0	1	0	1.118310	0.000000	477.552063	890
178	10	843	843	2	0	1	0	1.098100	0.000000	477.388275	178
2827	255	1282	1282	3	0	1	0	2.192144	0.000000	505.483704	2827
1	271	1872	1872	2	0	0	0	1.449962	0.000000	530.973206	1
1975	0	859	859	1	0	1	0	1.183730	0.000000	478.392975	1975
4096	10	881	881	2	0	1	0	1.356510	0.000000	480.502777	4096
1801	114	1055	1055	3	0	1	0	1.411622	0.000000	493.120483	1801
47	10	1366	1366	2	0	1	0	1.150834	0.000000	509.827759	47
8047	353	905	905	3	0	1	0	1.550144	0.000000	482.457733	8192
448	235	890	890	3	0	1	0	1.329815	0.000000	481.126282	448
8	0	1004	1004	1	0	1	0	1.011313	0.000000	489.732849	8
8	10	1656	1656	2	0	1	0	1.140205	0.000000	523.632568	8
1923	10	939	939	2	0	1	0	1.237999	0.000000	484.741394	1923
10	10	1386	1386	2	0	1	0	1.073220	0.000000	510.901520	10
1992	137	1269	1269	2	0	1	2	1.712636	0.000000	504.846191	1992
1088	232	1177	1177	3	0	1	1	1.589203	0.000000	500.737701	1088
8097	10	1022	1022	2	0	1	0	1.284278	0.000000	491.313751	8097
51	615	1260	1260	2	0	1	0	1.138190	0.000000	504.411743	51
2443	137	1346	1346	2	0	1	1	1.515460	0.000000	508.888794	2443
2634	560	987	987	2	0	1	0	1.351297	0.000000	488.435089	2634
2009	10	1005	1005	2	0	1	0	1.312748	0.000000	489.754700	2009
14	0	1121	1121	1	0	1	0	1.058477	0.000000	497.344269	14
18	343	1448	1448	4	0	1	0	2.565426	0.000000	514.034241	18
10	583	1201	1201	3	0	1	0	1.240091	0.000000	501.778961	10
214	431	1135	1135	3	0	1	0	1.518685	0.000000	498.069611	214
1011	61	1061	1061	2	0	1	0	1.434817	0.000000	493.272552	1011
2	599	1875	1875	5	0	0	0	3.616370	0.000000	531.081238	2
1990	235	1109	1109	3	0	1	0	1.476086	0.000000	496.898499	1990
50	10	1043	1043	2	0	1	1	1.069578	0.000000	492.324890	50
37	432	1105	1105	3	0	1	0	1.676641	0.000000	496.710724	37
211	0	1075	1075	1	0	1	0	1.010742	0.000000	494.635101	211
22	10	1343	1343	2	0	1	1	1.078593	0.000000	508.631683	22
10	0	1753	1753	1	0	1	0	1.163853	0.000000	527.597717	10
40	232	1367	1367	3	0	1	0	1.363103	0.000000	509.837219	40
746	893	1170	1170	5	0	1	0	2.916402	0.000000	500.230530	746
324	0	1204	1204	1	0	1	0	1.168382	0.000000	502.012634	324
134	0	1207	1207	1	0	1	0	1.040325	0.000000	502.057251	134
465	766	1183	1183	3	0	1	1	1.548298	0.000000	500.912109	465
85	10	1227	1227	2	0	1	2	1.127737	0.000000	502.825226	85
183	214	1276	1276	3	0	1	0	1.278478	0.000000	505.342834	183
5	461	1825	1825	5	0	0	0	2.227838	0.000000	529.712708	5
26	665	1548	1548	5	0	1	0	2.923089	0.000000	518.687927	26
2849	255	1273	1273	3	0	1	0	2.243143	0.000000	505.273712	2849
62	583	1673	1673	3	0	1	0	1.616937	0.000000	524.427551	62
164	255	1350	1350	3	0	1	0	2.164571	0.000000	509.123993	164
6142	255	1248	1248	3	0	1	0	2.589785	0.000000	503.893951	6142
256	376	1434	1434	3	0	1	0	1.443484	0.000000	513.318665	261
889	599	1435	1435	5	0	1	0	3.544060	0.000000	513.334229	889
2048	343	1374	1374	4	0	1	0	3.229117	0.000000	510.166321	2048
311	461	1325	1325	5	0	1	0	2.252078	0.000000	507.803955	311
3	202	1709	1709	2	0	1	0	1.574044	0.000000	525.826416	3
2028	599	1560	1560	5	0	1	0	4.450247	0.000000	519.065857	2028
143	461	1373	1373	5	0	1	1	2.245153	0.000000	510.145844	143
15	683	1497	1497	5	0	1	0	2.682198	0.000000	516.139648	15
155	583	1400	1400	3	0	1	0	1.325050	0.000000	511.631134	155
143	271	1396	1396	2	0	1	0	1.412132	0.000000	511.394501	143
4	103	1705	1705	2	0	0	0	1.148672	0.000000	525.798157	4
38	665	1723	1723	5	0	1	0	2.892950	0.000000	526.211243	38
117	202	1640	1640	2	0	1	0	1.811228	0.000000	522.651978	117
226	114	1515	1515	3	0	1	1	1.678636	0.000000	517.140137	226
26	271	1420	1420	2	0	1	0	1.341915	0.000000	512.427856	26
145	905	1441	1441	4	0	1	0	1.812532	0.000000	513.576599	145
241	599	1425	1425	5	0	1	0	3.362437	0.000000	512.758972	241
2	427	1854	1854	3	0	0	0	1.178334	0.000000	530.449707	2
222	431	1430	1430	3	0	1	1	1.607535	0.000000	513.065613	222
1772	343	1462	1462	4	0	1	0	3.036234	0.000000	514.663818	1772
3	0	1568	1568	1	0	1	0	1.000767	0.000000	519.378235	3
1	0	1878	1878	1	0	0	1	1.094708	0.000000	531.279236	1
104	0	1492	1492	1	0	1	0	1.194148	0.000000	516.023315	104
204	417	1502	1502	4	0	1	0	1.734884	0.000000	516.512817	204
1	282	1558	1558	3	0	0	0	1.188382	0.000000	519.000488	1
334	10	1526	1526	2	0	1	1	1.369640	0.000000	517.493286	334
3	0	1760	1760	1	0	0	1	1.113362	0.000000	527.819885	3
17	0	1651	1651	1	0	1	0	1.016329	0.000000	523.360352	17
3	61	1532	1532	2	0	1	0	1.392259	0.000000	517.831482	3
18	213	1552	1552	3	0	1	0	1.454212	0.000000	518.905640	18
9	61	1797	1797	2	0	1	1	1.335278	0.000000	528.874268	9
1	534	1876	1876	3	0	0	0	1.256106	0.000000	531.176514	1
2	413	1861	1861	2	0	0	0	1.112465	0.000000	530.621460	2
8	251	1758	1758	4	0	0	1	1.774302	0.000000	527.774170	8
3	417	1777	1777	4	0	0	0	1.492350	0.000000	528.325684	3
38	114	1660	1660	3	0	1	0	1.516354	0.000000	523.787415	38
10	0	1677	1677	1	0	1	1	1.052284	0.000000	524.554321	10
3	0	1792	1792	1	0	0	0	1.367173	0.000000	528.711182	3
2	0	1842	1842	1	0	0	0	1.011240	0.000000	530.105286	2
6	202	1833	1833	2	0	1	0	1.655810	0.000000	529.859558	6
1	132	1687	1687	3	0	0	0	1.250750	0.000000	524.996094	1
1	10	1873	1873	2	0	0	0	1.065128	0.000000	530.990540	1
94	599	1634	1634	5	0	1	0	3.545457	0.000000	522.350647	94
14	255	1715	1715	3	0	1	1	2.058169	0.000000	525.981018	14
2	0	1624	1624	1	0	1	0	1.046603	0.000000	521.851013	2
1	0	1835	1835	1	0	0	0	1.364991	0.000000	529.914246	1
5	1434	1866	1866	4	0	0	0	1.670084	0.000000	530.687378	5
8	665	1865	1865	5	0	0	0	2.850823	0.000000	530.673950	8
11	103	1793	1793	2	0	1	0	1.170718	0.000000	528.745300	11
2	10	1858	1858	2	0	0	0	1.054710	0.000000	530.592957	2
1	255	1855	1855	3	0	0	0	2.348800	0.000000	530.581299	1
6	303	1862	1862	3	0	0	0	1.780715	0.000000	530.651550	6
1	546	1877	1877	2	0	0	0	1.425601	0.000000	531.185730	1
2	10	1871	1871	2	0	0	0	1.059512	0.000000	530.911194	2
3	461	1851	1851	5	0	0	0	2.340408	0.000000	530.383850	3
1	0	1863	1863	1	0	0	0	1.142766	0.000000	530.660583	1
1	599	1770	1770	5	0	1	1	3.465356	0.000000	528.142395	1
10	659	1830	1830	4	0	1	0	1.477756	0.000000	529.793518	10
3	10	1843	1843	2	0	0	1	1.063021	0.000000	530.142090	3
3	114	1860	1860	3	0	0	1	1.296209	0.000000	530.617310	3
1	137	1856	1856	2	0	0	1	1.321033	0.000000	530.581726	1
5	343	1823	1823	4	0	1	0	2.946297	0.000000	529.671021	5
3	114	1772	1772	3	0	1	0	1.432914	0.000000	528.180664	3
1	466	1869	1869	4	0	0	0	1.655841	0.000000	530.732727	1
6	0	1809	1809	1	0	0	1	1.063537	0.000000	529.207886	6
5	255	1845	1845	3	0	0	0	2.129741	0.000000	530.200745	5
1	255	1852	1852	3	0	0	0	2.090531	0.000000	530.406982	1
1	255	1874	1874	3	0	0	0	2.050116	0.000000	531.056030	1
5	202	1801	1801	2	0	0	0	1.764677	0.000000	528.947754	5
