Population	Parent	Identity	DriverIdentity	DriverMutations	MigrationMutations	Immortal	PassengerMutations	BirthRate	MigrationRate	OriginTime	Descendants
0	0	0	0	0	0	1	0	1.000000	0.000166	0.000000	1000000
126843	0	2	2	1	0	1	0	1.126927	0.000166	90.362732	850669
95445	0	34	34	1	0	1	0	1.196316	0.000166	263.008148	145235
0	0	14	14	1	0	1	1	1.082731	0.000166	205.081970	2048
2048	2	139	139	2	0	1	0	1.360867	0.000166	385.704407	2048
37779	2	83	83	2	0	1	0	1.339105	0.000166	340.020660	50300
0	2	106	106	2	0	1	0	1.177666	0.000166	359.965546	2048
334574	2	167	167	2	0	1	0	1.565858	0.000166	401.245911	438346
0	34	151	151	2	0	1	2	1.241769	0.000166	391.416046	2048
34778	2	249	249	2	0	1	0	1.293398	0.000166	437.522583	41103
2048	2	264	264	2	0	1	0	1.351050	0.000166	443.861542	2048
2048	2	279	279	2	0	1	0	1.210933	0.000166	450.544861	2048
0	34	230	230	2	0	1	0	1.314863	0.000166	429.295746	2048
2048	2	335	335	2	0	1	0	1.420098	0.000166	467.682953	2048
0	83	289	289	3	0	1	1	1.443668	0.000166	453.441193	2048
0	2	299	299	2	0	1	0	1.275709	0.000166	456.639313	2048
1942	2	300	300	2	0	1	0	1.282228	0.000166	456.815186	2048
1929	2	308	308	2	0	1	0	1.460852	0.000166	458.948608	2049
1464	106	434	434	3	0	1	0	1.284834	0.000166	493.009827	2048
0	2	314	314	2	0	1	0	1.304672	0.000166	459.959412	2048
0	2	322	322	2	0	1	0	1.339979	0.000166	462.592468	2048
737	2	442	442	2	0	1	0	1.242165	0.000166	494.560089	2048
64066	2	514	514	2	0	1	0	1.475685	0.000166	509.355133	81772
2048	2	528	528	2	0	1	0	1.213606	0.000166	512.367554	2048
0	167	438	438	3	0	1	1	1.696348	0.000166	493.972382	2048
2048	2	390	390	2	0	1	0	1.211533	0.000166	484.030365	2048
2048	289	415	415	4	0	1	1	1.669275	0.000166	487.970093	2048
2048	34	453	453	2	0	1	0	1.341921	0.000166	495.546082	2048
2048	2	490	490	2	0	1	1	1.393184	0.000166	503.199768	2048
2048	34	495	495	2	0	1	0	1.332135	0.000166	504.933594	2048
0	34	449	449	2	0	1	0	1.626356	0.000166	495.217682	2048
0	249	629	629	3	0	1	0	1.609747	0.000166	532.268188	2048
1591	2	617	617	2	0	1	0	1.773843	0.000166	530.363647	2048
2046	314	603	603	3	0	1	0	1.719708	0.000166	527.666809	2048
0	151	565	565	3	0	1	2	1.335663	0.000166	519.684631	2048
1959	2	616	616	2	0	1	0	1.176305	0.000166	530.154114	1959
17004	2	595	595	2	0	1	0	1.454067	0.000166	525.555786	21062
0	167	614	614	3	0	1	1	2.430210	0.000166	530.003906	2048
2048	2	643	643	2	0	1	1	1.311014	0.000166	534.177246	2048
0	299	701	701	3	0	1	0	1.462527	0.000166	542.700317	2048
2048	2	691	691	2	0	1	0	1.358036	0.000166	540.975647	4096
176	2	658	658	2	0	1	0	1.278566	0.000166	535.893127	2049
2048	0	705	705	1	0	1	0	1.229399	0.000166	543.032593	2048
0	34	686	686	2	0	1	0	1.703971	0.000166	540.338196	2048
415	83	760	760	3	0	1	0	1.489815	0.000166	549.637573	2048
2048	34	703	703	2	0	1	0	1.442269	0.000166	542.808655	2048
728	167	670	670	3	0	1	0	1.881130	0.000166	538.133972	2048
0	2	700	700	2	0	1	0	1.290751	0.000166	542.547119	2048
0	629	878	878	4	0	1	0	1.885884	0.000166	563.506592	2048
0	2	815	815	2	0	1	0	1.287965	0.000166	555.865112	2048
2048	322	873	873	3	0	1	0	1.508114	0.000166	563.096741	2048
758	2	861	861	2	0	1	0	1.154251	0.000166	561.432007	758
2048	167	897	897	3	0	1	0	2.038929	0.000166	565.119629	2048
2048	2	765	765	2	0	1	0	1.314850	0.000166	550.181335	2048
0	449	896	896	3	0	1	0	1.761810	0.000166	565.029419	2048
2048	2	902	902	2	0	1	0	1.353782	0.000166	565.750610	2048
2048	167	900	900	3	0	1	0	1.822978	0.000166	565.561890	2048
0	167	820	820	3	0	1	0	1.724438	0.000166	557.011169	2048
2048	34	975	975	2	0	1	0	1.470526	0.000166	572.924683	2048
2048	167	850	850	3	0	1	0	1.655826	0.000166	560.354980	2048
112	896	1252	1252	4	0	1	0	2.148892	0.000166	598.917175	2048
1340	34	840	840	2	0	1	0	1.612486	0.000166	558.912537	2048
1254	167	899	899	3	0	1	0	1.726822	0.000166	565.323669	2048
2048	2	891	891	2	0	1	0	1.277440	0.000166	564.185120	2048
2047	2	1406	1406	2	0	1	0	1.309925	0.000166	611.274780	2048
440	167	1015	1015	3	0	1	0	1.695490	0.000166	577.164795	2048
1061	167	964	964	3	0	1	0	1.842469	0.000166	571.453247	2048
2048	701	907	907	4	0	1	1	1.544642	0.000166	566.128723	2048
2048	167	929	929	3	0	1	0	1.772560	0.000166	568.540161	2048
73	167	1011	1011	3	0	1	0	1.930165	0.000166	576.548767	2048
594	2	1083	1083	2	0	1	0	1.234023	0.000166	584.470764	2048
517	691	951	951	3	0	1	0	1.448886	0.000166	569.925049	517
1531	691	1090	1090	3	0	1	0	1.481803	0.000166	585.092834	1531
0	686	941	941	3	0	1	0	2.101957	0.000166	569.219849	2048
2049	514	1269	1269	3	0	1	0	1.635551	0.000166	601.025757	2049
2048	167	1111	1111	3	0	1	0	1.771996	0.000166	586.980957	2048
64	167	1116	1116	3	0	1	0	1.574883	0.000166	587.220032	64
0	438	1046	1046	4	0	1	2	2.342398	0.000166	580.074036	2048
48	34	1163	1163	2	0	1	0	1.260935	0.000166	591.682434	48
708	840	1136	1136	3	0	1	0	1.648092	0.000166	588.848877	708
1775	2	1253	1253	2	0	1	0	1.362984	0.000166	598.961487	2048
2048	941	1356	1356	4	0	1	0	2.181347	0.000166	608.293030	2048
2048	167	1215	1215	3	0	1	0	1.727528	0.000166	595.658813	2048
2037	167	1248	1248	3	0	1	0	1.625235	0.000166	598.614868	2037
2048	2	1335	1335	2	0	1	0	1.388833	0.000166	606.276428	2048
2048	2	1177	1177	2	0	1	0	1.226844	0.000166	593.085388	2048
1838	2	1237	1237	2	0	1	0	1.181006	0.000166	597.502686	1838
2048	167	1302	1302	3	0	1	0	1.825079	0.000166	603.559143	2048
2049	83	1217	1217	3	0	1	0	1.587136	0.000166	595.931213	2049
50	34	1226	1226	2	0	1	0	1.330362	0.000166	596.873352	2048
0	167	1260	1260	3	0	1	0	2.185968	0.000166	599.709961	2048
2048	230	1348	1348	3	0	1	0	1.402915	0.000166	607.580017	2048
2048	1046	1200	1200	5	0	1	2	2.420331	0.000166	594.479858	2048
1819	167	1316	1316	3	0	1	0	1.831706	0.000166	604.549133	2049
2047	34	1279	1279	2	0	1	0	1.295245	0.000166	601.882996	2047
2048	34	1315	1315	2	0	1	1	1.650216	0.000166	604.482910	2048
0	167	1291	1291	3	0	1	0	1.837036	0.000166	602.591553	2048
746	34	1440	1440	2	0	1	0	1.217062	0.000166	614.569519	746
2048	167	1310	1310	3	0	1	1	1.752561	0.000166	604.065552	2048
1314	167	1503	1503	3	0	1	0	1.892484	0.000166	619.000183	2048
1528	760	1664	1664	4	0	1	0	1.564065	0.000166	629.545654	1528
1069	34	1551	1551	2	0	1	0	1.263021	0.000166	622.924011	1069
2048	565	1448	1448	4	0	1	2	1.698253	0.000166	615.160889	2048
2048	2	1465	1465	2	0	1	0	1.222269	0.000166	616.422974	2048
340	34	1458	1458	2	0	1	0	1.222300	0.000166	615.810303	340
2048	167	1719	1719	3	0	1	0	1.823195	0.000166	632.994263	2048
1608	1015	1749	1749	4	0	1	0	1.745551	0.000166	634.594971	1608
1792	34	1516	1516	2	0	1	1	1.264967	0.000166	620.269348	1792
2048	167	1471	1471	3	0	1	0	1.778586	0.000166	616.587463	2048
286	167	1541	1541	3	0	1	1	1.587468	0.000166	622.266235	286
3780	2	1726	1726	2	0	1	0	1.273046	0.000166	633.289856	3780
2015	34	1638	1638	2	0	1	0	1.307087	0.000166	628.308167	2021
1329	167	1549	1549	3	0	1	0	1.916564	0.000166	622.713135	2048
1111	2	1579	1579	2	0	1	0	1.173106	0.000166	624.852356	1111
1974	2	1548	1548	2	0	1	0	1.216577	0.000166	622.595581	1974
105	760	1791	1791	4	0	1	0	1.528687	0.000166	637.801941	105
1734	167	1564	1564	3	0	1	0	1.661998	0.000166	623.794189	1734
2048	167	1814	1814	3	0	1	0	1.722283	0.000166	639.122620	2048
2033	167	1888	1888	3	0	1	0	1.754731	0.000166	643.127197	2035
2048	34	1630	1630	2	0	1	0	1.465471	0.000166	627.948608	2048
2048	514	1675	1675	3	0	1	0	1.837744	0.000166	630.256165	2048
379	34	1816	1816	2	0	1	0	1.230549	0.000166	639.434509	379
1591	34	1940	1940	2	0	1	0	1.320802	0.000166	646.358826	1591
2048	34	1614	1614	2	0	1	0	1.363521	0.000166	627.100220	2048
2933	2	1781	1781	2	0	1	0	1.482116	0.000166	636.923584	4096
12926	514	1806	1806	3	0	1	0	1.799853	0.000166	638.656372	12933
2048	167	1857	1857	3	0	1	1	1.862913	0.000166	641.929016	2048
2048	14	1729	1729	2	0	1	1	1.626746	0.000166	633.378235	2048
48	167	1945	1945	3	0	1	0	1.685502	0.000166	646.669678	48
9	167	1756	1756	3	0	1	0	1.892339	0.000166	635.214417	2048
2048	167	1830	1830	3	0	1	0	1.715069	0.000166	640.531067	2048
917	2	1799	1799	2	0	1	0	1.846804	0.000166	638.319946	2048
2048	614	1828	1828	4	0	1	1	2.621996	0.000166	640.128662	2048
2048	2	1811	1811	2	0	1	0	1.271162	0.000166	638.974609	2048
841	83	1804	1804	3	0	1	0	1.395620	0.000166	638.545837	841
1968	167	2306	2306	3	0	1	0	1.746692	0.000166	663.608154	2018
1351	83	1938	1938	3	0	1	0	1.479888	0.000166	646.148743	1351
1438	658	2251	2251	3	0	1	0	1.401180	0.000166	660.915833	1873
115	83	2253	2253	3	0	1	0	1.398160	0.000166	660.926147	115
2048	2	2133	2133	2	0	1	0	1.535216	0.000166	655.537537	2048
584	434	1959	1959	4	0	1	1	1.332102	0.000166	647.406982	584
1349	1291	1873	1873	4	0	1	0	2.268054	0.000166	642.554016	2048
2048	878	2349	2349	5	0	1	0	2.445118	0.000166	665.425842	2048
380	167	1941	1941	3	0	1	0	1.569743	0.000166	646.446106	386
2048	820	1922	1922	4	0	1	0	2.035536	0.000166	645.276672	2048
2048	167	1967	1967	3	0	1	0	1.941513	0.000166	647.671875	2048
1992	815	2034	2034	3	0	1	0	1.552156	0.000166	651.292114	2048
2047	34	2009	2009	2	0	1	0	1.355948	0.000166	649.830688	2047
1516	2	2549	2549	2	0	1	0	1.300805	0.000166	674.408264	1516
5	83	2027	2027	3	0	1	0	1.342787	0.000166	650.751709	5
1967	2	2371	2371	2	0	1	0	1.446014	0.000166	666.544189	2048
2041	595	1972	1972	3	0	1	0	1.625232	0.000166	647.906006	2041
2048	1260	2467	2467	4	0	1	0	2.516387	0.000166	670.908691	2048
1985	167	2448	2448	3	0	1	0	1.762500	0.000166	669.897522	1985
2048	167	2035	2035	3	0	1	0	1.916356	0.000166	651.335266	2048
1914	167	2053	2053	3	0	1	0	1.743813	0.000166	651.926270	1955
2048	167	2407	2407	3	0	1	0	2.315183	0.000166	668.155945	2048
2025	167	2504	2504	3	0	1	0	1.832551	0.000166	672.594360	2026
2047	167	2065	2065	3	0	1	0	1.915905	0.000166	652.455627	2048
1640	167	2213	2213	3	0	1	0	1.683586	0.000166	658.853699	1640
987	964	2457	2457	4	0	1	0	1.932245	0.000166	670.244690	987
5256	34	2129	2129	2	0	1	0	1.399071	0.000166	655.439209	5256
1317	83	2387	2387	3	0	1	0	1.449477	0.000166	667.248352	1317
444	167	2640	2640	3	0	1	0	1.727123	0.000166	678.238647	444
1884	167	2300	2300	3	0	1	2	1.692805	0.000166	663.288757	1884
689	83	2310	2310	3	0	1	1	1.544115	0.000166	663.802063	689
695	1873	2599	2599	5	0	1	0	2.424564	0.000166	676.472839	695
2048	167	2244	2244	3	0	1	0	1.838015	0.000166	660.720398	2048
1998	167	2437	2437	3	0	1	0	1.768160	0.000166	669.327026	1998
49	899	3234	3234	4	0	1	0	1.775836	0.000166	701.665771	49
973	2	2927	2927	2	0	1	0	1.298460	0.000166	689.676392	973
2039	1756	2299	2299	4	0	1	0	2.137151	0.000166	663.162292	2039
2036	167	2337	2337	3	0	1	0	1.782265	0.000166	664.885620	2036
1162	1781	2481	2481	3	0	1	2	1.597338	0.000166	671.589722	1163
2048	83	2404	2404	3	0	1	0	1.640595	0.000166	668.090332	2048
2048	167	2411	2411	3	0	1	0	1.972464	0.000166	668.239197	2048
457	617	2529	2529	3	0	1	1	1.880285	0.000166	673.433533	457
1638	249	2434	2434	3	0	1	0	1.496518	0.000166	669.225342	1952
10	167	2604	2604	3	0	1	0	1.585362	0.000166	676.720154	10
1320	670	2526	2526	4	0	1	0	2.004211	0.000166	673.293640	1320
313	249	2475	2475	3	0	1	0	1.349966	0.000166	671.317688	313
1184	34	2613	2613	2	0	1	0	1.421381	0.000166	677.127808	1184
2048	700	2666	2666	3	0	1	0	1.732120	0.000166	679.090515	2048
39	514	2575	2575	3	0	1	0	1.560517	0.000166	675.609924	39
266	1226	2569	2569	3	0	1	0	1.462094	0.000166	675.402588	266
17	514	2696	2696	3	0	1	0	1.505520	0.000166	680.180603	17
1975	1011	2527	2527	4	0	1	1	2.104985	0.000166	673.379395	1975
2011	249	2630	2630	3	0	1	0	1.540845	0.000166	677.779236	2011
1454	1083	3174	3174	3	0	1	0	1.582723	0.000166	699.051758	1454
1517	167	2754	2754	3	0	1	0	1.811576	0.000166	682.651672	1517
867	167	2594	2594	3	0	1	0	1.662550	0.000166	676.417297	867
1742	167	2620	2620	3	0	1	0	1.729553	0.000166	677.374878	1807
2003	595	2857	2857	3	0	1	0	1.790334	0.000166	687.128540	2013
1382	167	2763	2763	3	0	1	0	1.724992	0.000166	682.891113	1382
1311	442	2633	2633	3	0	1	0	1.395380	0.000166	677.902161	1311
745	899	2637	2637	4	0	1	0	1.798727	0.000166	678.143127	745
1981	34	2924	2924	2	0	1	0	1.657541	0.000166	689.562866	1982
101	167	3030	3030	3	0	1	0	1.688532	0.000166	693.401184	101
2033	167	2656	2656	3	0	1	0	1.828478	0.000166	678.663330	2033
1	1406	3645	3645	3	0	0	0	1.379214	0.000166	716.942688	1
91	167	2722	2722	3	0	1	0	1.654241	0.000166	681.075073	91
316	514	3206	3206	3	0	1	0	1.633516	0.000166	700.586792	316
822	2	2774	2774	2	0	1	0	1.310907	0.000166	683.533081	822
88	167	2714	2714	3	0	1	0	1.655795	0.000166	680.659546	88
196	167	2825	2825	3	0	1	0	1.615720	0.000166	685.756775	196
4	1252	2915	2915	5	0	1	0	2.193562	0.000166	689.148132	4
2048	2	2855	2855	2	0	1	0	1.518195	0.000166	687.110718	2048
12	2	3193	3193	2	0	1	0	1.176032	0.000166	699.787354	12
22	167	3574	3574	3	0	1	0	1.959581	0.000166	714.308350	22
591	167	2856	2856	3	0	1	0	1.744154	0.000166	687.117310	591
2048	34	2797	2797	2	0	1	0	1.827320	0.000166	684.818115	2048
27	514	2798	2798	3	0	1	0	1.523613	0.000166	684.844299	27
440	34	2969	2969	2	0	1	0	1.317415	0.000166	691.121826	440
314	2434	3084	3084	4	0	1	0	1.691755	0.000166	695.493347	314
734	1503	2838	2838	4	0	1	1	1.999125	0.000166	686.165771	734
27	167	3009	3009	3	0	1	0	1.582296	0.000166	692.664917	27
208	167	2817	2817	3	0	1	0	1.640900	0.000166	685.460815	208
58	167	3395	3395	3	0	1	0	1.793283	0.000166	708.013733	58
106	300	3025	3025	3	0	1	0	1.344529	0.000166	693.251282	106
260	2	2897	2897	2	0	1	0	1.168524	0.000166	688.603271	260
1732	1226	2866	2866	3	0	1	0	1.571075	0.000166	687.617493	1732
2	167	3227	3227	3	0	1	0	1.588618	0.000166	701.395142	2
35	2	3014	3014	2	0	1	0	1.272574	0.000166	692.752686	35
931	167	3007	3007	3	0	1	0	1.734551	0.000166	692.543945	931
263	1253	3057	3057	3	0	1	1	1.447367	0.000166	694.310791	263
98	514	3085	3085	3	0	1	0	1.543040	0.000166	695.529419	98
260	167	2948	2948	3	0	1	0	1.859317	0.000166	690.396057	285
10	2857	3220	3220	4	0	1	1	1.904503	0.000166	701.135803	10
25	2948	3101	3101	4	0	1	0	1.923758	0.000166	695.892700	25
1811	167	3120	3120	3	0	1	0	1.849859	0.000166	697.032715	1811
435	2251	3192	3192	4	0	1	0	1.717505	0.000166	699.737610	435
14	167	3043	3043	3	0	1	0	1.619789	0.000166	693.882507	14
188	167	3001	3001	3	0	1	0	1.654936	0.000166	692.337341	188
39	34	3104	3104	2	0	1	0	1.236431	0.000166	696.342834	39
441	167	3004	3004	3	0	1	0	1.745607	0.000166	692.479126	441
150	167	3133	3133	3	0	1	0	1.656497	0.000166	697.459412	150
2	2	3610	3610	2	0	0	0	1.129630	0.000166	715.843384	2
154	167	3109	3109	3	0	1	0	1.707499	0.000166	696.675781	154
41	2053	3385	3385	4	0	1	0	1.878565	0.000166	707.667053	41
3	83	3641	3641	3	0	0	0	1.482867	0.000166	716.815186	3
177	167	3162	3162	3	0	1	0	1.638180	0.000166	698.558655	177
20	2	3197	3197	2	0	1	0	1.264101	0.000166	700.276123	20
4	34	3577	3577	2	0	0	0	1.228102	0.000166	714.483459	4
120	308	3156	3156	3	0	1	0	1.547628	0.000166	698.354736	120
170	514	3272	3272	3	0	1	0	1.570532	0.000166	702.986389	170
1932	1252	3155	3155	5	0	1	0	2.521832	0.000166	698.179260	1932
2	34	3615	3615	2	0	0	1	1.341371	0.000166	716.037964	2
38	2	3499	3499	2	0	1	0	1.257961	0.000166	711.325195	38
3	167	3607	3607	3	0	0	0	1.579374	0.000166	715.761108	3
50	2306	3301	3301	4	0	1	0	2.058401	0.000166	704.275574	50
104	34	3270	3270	2	0	1	0	1.240757	0.000166	702.926086	104
6	1638	3621	3621	3	0	0	0	1.467186	0.000166	716.216797	6
254	2	3313	3313	2	0	1	0	1.384141	0.000166	704.948792	254
72	2	3246	3246	2	0	1	0	1.401399	0.000166	702.148560	72
192	167	3288	3288	3	0	1	1	1.803852	0.000166	703.618591	192
29	2	3433	3433	2	0	1	0	1.203370	0.000166	709.122070	29
10	1253	3575	3575	3	0	1	0	1.381734	0.000166	714.333740	10
69	167	3255	3255	3	0	1	0	1.665237	0.000166	702.416687	69
1131	1799	3291	3291	3	0	1	0	2.282812	0.000166	703.738892	1131
4	167	3387	3387	3	0	1	0	1.698970	0.000166	707.745972	4
1	2	3661	3661	2	0	0	0	1.139974	0.000166	717.522461	1
719	1549	3292	3292	4	0	1	0	2.371128	0.000166	703.745239	719
5	514	3286	3286	3	0	1	0	1.484698	0.000166	703.527039	5
6	1941	3424	3424	4	0	1	0	1.657852	0.000166	708.751587	6
1	167	3609	3609	3	0	0	0	1.658594	0.000166	715.836853	1
1	2	3541	3541	2	0	0	1	1.134509	0.000166	712.808777	1
48	167	3408	3408	3	0	1	0	1.607787	0.000166	708.382629	48
4	34	3342	3342	2	0	0	0	1.263273	0.000166	706.146606	4
1	2481	3604	3604	4	0	0	2	1.629009	0.000166	715.650085	1
7	1806	3478	3478	4	0	1	1	1.886425	0.000166	710.528442	7
56	2034	3397	3397	4	0	1	0	1.661174	0.000166	708.074341	56
3	2	3368	3368	2	0	1	0	1.128697	0.000166	706.914856	3
1	167	3676	3676	3	0	0	0	1.702393	0.000166	718.147705	1
230	1316	3337	3337	4	0	1	0	2.222156	0.000166	705.967651	230
2	167	3662	3662	3	0	0	0	1.732259	0.000166	717.557617	2
27	167	3502	3502	3	0	1	0	1.659710	0.000166	711.469666	27
5	167	3346	3346	3	0	1	0	1.694163	0.000166	706.246643	5
18	34	3406	3406	2	0	1	0	1.355603	0.000166	708.302856	18
1	249	3658	3658	3	0	0	0	1.333236	0.000166	717.382141	1
12	167	3423	3423	3	0	1	0	1.598642	0.000166	708.746948	12
2	514	3651	3651	3	0	0	0	1.496774	0.000166	717.181396	2
1	2924	3649	3649	3	0	0	0	1.728756	0.000166	717.102844	1
2	514	3643	3643	3	0	0	0	1.481327	0.000166	716.893311	2
65	2620	3427	3427	4	0	1	0	2.085057	0.000166	708.782166	65
15	167	3442	3442	3	0	1	0	1.653258	0.000166	709.395691	15
1	34	3439	3439	2	0	1	0	1.200509	0.000166	709.277222	1
4	1873	3579	3579	5	0	0	0	2.377916	0.000166	714.517822	4
4	595	3599	3599	3	0	0	0	1.548036	0.000166	715.387512	4
8	167	3492	3492	3	0	1	0	1.596129	0.000166	711.147766	8
6	83	3590	3590	3	0	0	0	1.456891	0.000166	715.177612	6
3	34	3565	3565	2	0	1	0	1.324213	0.000166	713.985596	3
2	603	3660	3660	4	0	0	0	2.028398	0.000166	717.519714	2
81	2371	3516	3516	3	0	1	0	1.639364	0.000166	711.964905	81
1	34	3671	3671	2	0	0	0	1.371375	0.000166	717.977905	1
39	167	3458	3458	3	0	1	0	1.624199	0.000166	709.909485	39
5	167	3624	3624	3	0	0	0	1.571941	0.000166	716.310303	5
2	167	3642	3642	3	0	0	0	1.566992	0.000166	716.825500	2
17	167	3522	3522	3	0	1	1	1.675465	0.000166	712.268860	17
4	167	3650	3650	3	0	0	0	1.594129	0.000166	717.136108	4
3	2	3639	3639	2	0	0	0	1.183285	0.000166	716.758850	3
1	83	3663	3663	3	0	0	0	1.529156	0.000166	717.657959	1
2	167	3666	3666	3	0	0	0	1.684119	0.000166	717.876160	2
1	167	3626	3626	3	0	0	0	1.597809	0.000166	716.340088	1
1	167	3677	3677	3	0	0	1	1.663330	0.000166	718.165894	1
2	1888	3668	3668	4	0	0	0	1.766331	0.000166	717.913696	2
1	2065	3667	3667	4	0	0	1	1.947345	0.000166	717.898132	1
3	2	3659	3659	2	0	0	0	1.155428	0.000166	717.384583	3
1	167	3669	3669	3	0	0	1	1.636360	0.000166	717.920349	1
1	2504	3672	3672	4	0	0	0	2.166585	0.000166	717.988525	1
1	167	3673	3673	3	0	0	0	2.074059	0.000166	718.060486	1
1	2	3674	3674	2	0	0	0	1.147981	0.000166	718.099854	1
