Generation	NumCells	TotalBirths	TotalDeaths	TotalMigrations	Passengers	Drivers	VarPassengers	VarDrivers	MeanBirthRate	MeanMigrationRate	VarBirthRate	VarMigRate	NumClones	NumGenotypes	NumDriverGenotypes	NumDemes	NumNon-EmptyDemes	MatrixColumns	DriverMatrixColumns	EverGenotypes	CellsWith0Drivers	CellsWith1Drivers	CellsWith2Drivers	CellsWith3Drivers	CellsWith4Drivers	CellsWith5Drivers	CellsWith6Drivers	CellsWith7Drivers	CellsWith8Drivers	CellsWith9Drivers	CellsWith10Drivers
0.000000	1	0	0	0	0.000000	0.000000	0.000000	0.000000	1.000000e+00	0.000000e+00	0.000000e+00	0.000000e+00	1	1	1	1	1	1	1	1	1	0	0	0	0	0	0	0	0	0	0
1.060990	6	9	4	0	0.166667	0.000000	0.138889	0.000000	1.000000e+00	0.000000e+00	0.000000e+00	0.000000e+00	2	2	1	1	1	2	1	3	6	0	0	0	0	0	0	0	0	0	0
2.067101	7	13	7	0	0.142857	0.000000	0.122449	0.000000	1.000000e+00	0.000000e+00	0.000000e+00	0.000000e+00	2	2	1	1	1	2	1	3	7	0	0	0	0	0	0	0	0	0	0
3.070472	7	22	16	0	0.000000	0.000000	0.000000	0.000000	1.000000e+00	0.000000e+00	0.000000e+00	0.000000e+00	1	1	1	1	1	3	1	4	7	0	0	0	0	0	0	0	0	0	0
4.097158	14	38	25	0	0.571429	0.000000	0.673469	0.000000	1.000000e+00	0.000000e+00	0.000000e+00	0.000000e+00	3	3	1	1	1	4	1	7	14	0	0	0	0	0	0	0	0	0	0
5.099475	19	58	40	0	0.473684	0.000000	0.459834	0.000000	1.000000e+00	0.000000e+00	0.000000e+00	0.000000e+00	7	7	1	1	1	7	1	12	19	0	0	0	0	0	0	0	0	0	0
6.194743	16	71	56	0	0.687500	0.000000	0.464844	0.000000	1.000000e+00	0.000000e+00	0.000000e+00	0.000000e+00	6	6	1	1	1	7	1	13	16	0	0	0	0	0	0	0	0	0	0
7.201932	19	91	73	0	1.263158	0.000000	0.825485	0.000000	1.000000e+00	0.000000e+00	0.000000e+00	0.000000e+00	6	6	1	1	1	7	1	18	19	0	0	0	0	0	0	0	0	0	0
8.248285	9	100	92	0	1.666667	0.000000	0.666667	0.000000	1.000000e+00	0.000000e+00	0.000000e+00	0.000000e+00	6	6	1	1	1	7	1	20	9	0	0	0	0	0	0	0	0	0	0
9.430346	4	106	103	0	2.000000	0.000000	0.000000	0.000000	1.000000e+00	0.000000e+00	0.000000e+00	0.000000e+00	2	2	1	1	1	8	1	21	4	0	0	0	0	0	0	0	0	0	0
10.432297	10	117	108	0	2.100000	0.000000	0.090000	0.000000	1.000000e+00	0.000000e+00	0.000000e+00	0.000000e+00	2	2	1	1	1	8	1	22	10	0	0	0	0	0	0	0	0	0	0
11.471234	13	130	118	0	2.230769	0.000000	0.177515	0.000000	1.000000e+00	0.000000e+00	0.000000e+00	0.000000e+00	3	3	1	1	1	8	1	24	13	0	0	0	0	0	0	0	0	0	0
12.475446	17	151	135	0	2.411765	0.000000	0.242215	0.000000	1.000000e+00	0.000000e+00	0.000000e+00	0.000000e+00	4	4	1	1	1	10	1	27	17	0	0	0	0	0	0	0	0	0	0
13.481987	20	166	147	0	2.700000	0.000000	0.510000	0.000000	1.000000e+00	0.000000e+00	0.000000e+00	0.000000e+00	5	5	1	1	1	10	1	29	20	0	0	0	0	0	0	0	0	0	0
14.495207	37	212	176	0	2.729730	0.000000	0.683711	0.000000	1.000000e+00	0.000000e+00	0.000000e+00	0.000000e+00	11	11	1	1	1	18	1	40	37	0	0	0	0	0	0	0	0	0	0
15.497908	28	238	211	0	2.857143	0.000000	0.765306	0.000000	1.000000e+00	0.000000e+00	0.000000e+00	0.000000e+00	9	9	1	1	1	18	1	45	28	0	0	0	0	0	0	0	0	0	0
16.524801	30	269	240	0	3.333333	0.000000	0.755556	0.000000	1.000000e+00	0.000000e+00	0.000000e+00	0.000000e+00	12	12	1	1	1	19	1	54	30	0	0	0	0	0	0	0	0	0	0
17.538778	31	297	267	0	3.322581	0.000000	0.928200	0.000000	1.000000e+00	0.000000e+00	0.000000e+00	0.000000e+00	11	11	1	1	1	20	1	57	31	0	0	0	0	0	0	0	0	0	0
18.555149	36	329	294	0	3.416667	0.000000	0.909722	0.000000	1.000000e+00	0.000000e+00	0.000000e+00	0.000000e+00	16	16	1	1	1	27	1	65	36	0	0	0	0	0	0	0	0	0	0
19.559690	39	362	324	0	3.153846	0.000000	1.514793	0.000000	1.000000e+00	0.000000e+00	0.000000e+00	0.000000e+00	15	15	1	1	1	27	1	68	39	0	0	0	0	0	0	0	0	0	0
20.578125	46	403	358	0	3.478261	0.000000	1.814745	0.000000	1.000000e+00	0.000000e+00	0.000000e+00	0.000000e+00	13	13	1	1	1	28	1	73	46	0	0	0	0	0	0	0	0	0	0
21.585825	40	449	410	0	3.450000	0.000000	1.797500	0.000000	1.000000e+00	0.000000e+00	0.000000e+00	0.000000e+00	15	15	1	1	1	32	1	82	40	0	0	0	0	0	0	0	0	0	0
22.587646	42	493	452	0	3.595238	0.000000	1.764739	0.000000	1.000000e+00	0.000000e+00	0.000000e+00	0.000000e+00	13	13	1	1	1	33	1	86	42	0	0	0	0	0	0	0	0	0	0
23.596821	21	519	499	0	3.380952	0.000000	1.664399	0.000000	1.000000e+00	0.000000e+00	0.000000e+00	0.000000e+00	10	10	1	1	1	35	1	91	21	0	0	0	0	0	0	0	0	0	0
24.610769	22	550	529	0	3.727273	0.000000	1.198347	0.000000	1.000000e+00	0.000000e+00	0.000000e+00	0.000000e+00	8	8	1	1	1	35	1	98	22	0	0	0	0	0	0	0	0	0	0
25.630800	33	588	556	0	3.575758	0.000000	1.213958	0.000000	1.000000e+00	0.000000e+00	0.000000e+00	0.000000e+00	10	10	1	1	1	35	1	106	33	0	0	0	0	0	0	0	0	0	0
26.669600	21	612	592	0	3.809524	0.000000	1.011338	0.000000	1.000000e+00	0.000000e+00	0.000000e+00	0.000000e+00	9	9	1	1	1	35	1	111	21	0	0	0	0	0	0	0	0	0	0
27.677002	31	642	612	0	3.645161	0.000000	0.680541	0.000000	1.000000e+00	0.000000e+00	0.000000e+00	0.000000e+00	11	11	1	1	1	37	1	115	31	0	0	0	0	0	0	0	0	0	0
28.704313	27	664	638	0	3.777778	0.000000	0.617284	0.000000	1.000000e+00	0.000000e+00	0.000000e+00	0.000000e+00	9	9	1	1	1	39	1	119	27	0	0	0	0	0	0	0	0	0	0
29.708698	15	685	671	0	4.000000	0.000000	0.666667	0.000000	1.000000e+00	0.000000e+00	0.000000e+00	0.000000e+00	8	8	1	1	1	41	1	125	15	0	0	0	0	0	0	0	0	0	0
30.768663	18	699	682	0	4.277778	0.000000	0.756173	0.000000	1.000000e+00	0.000000e+00	0.000000e+00	0.000000e+00	7	7	1	1	1	41	1	126	18	0	0	0	0	0	0	0	0	0	0
31.802641	21	715	695	0	4.285714	0.000000	0.965986	0.000000	1.000000e+00	0.000000e+00	0.000000e+00	0.000000e+00	7	7	1	1	1	42	1	130	21	0	0	0	0	0	0	0	0	0	0
32.852570	22	739	718	0	4.772727	0.000000	0.539256	0.000000	1.000000e+00	0.000000e+00	0.000000e+00	0.000000e+00	10	10	1	1	1	44	1	135	22	0	0	0	0	0	0	0	0	0	0
33.862736	37	769	733	0	4.756757	0.000000	1.157049	0.000000	1.000000e+00	0.000000e+00	0.000000e+00	0.000000e+00	12	12	1	1	1	48	1	140	37	0	0	0	0	0	0	0	0	0	0
34.865410	39	807	769	0	5.025641	0.000000	1.460881	0.000000	1.000000e+00	0.000000e+00	0.000000e+00	0.000000e+00	13	13	1	1	1	50	1	149	39	0	0	0	0	0	0	0	0	0	0
35.872364	49	858	810	0	5.959184	0.000000	1.712620	0.000000	1.000000e+00	0.000000e+00	0.000000e+00	0.000000e+00	18	18	1	1	1	56	1	161	49	0	0	0	0	0	0	0	0	0	0
36.872776	43	917	875	0	6.000000	0.000000	1.488372	0.000000	1.000000e+00	0.000000e+00	0.000000e+00	0.000000e+00	16	16	1	1	1	60	1	171	43	0	0	0	0	0	0	0	0	0	0
37.876587	41	952	912	0	6.073171	0.000000	0.897085	0.000000	1.000000e+00	0.000000e+00	0.000000e+00	0.000000e+00	15	15	1	1	1	60	1	176	41	0	0	0	0	0	0	0	0	0	0
38.878498	51	1013	963	0	6.803922	0.000000	0.824298	0.000000	1.000000e+00	0.000000e+00	0.000000e+00	0.000000e+00	20	20	1	1	1	65	1	191	51	0	0	0	0	0	0	0	0	0	0
39.899071	47	1066	1020	0	7.212766	0.000000	1.018560	0.000000	1.000000e+00	0.000000e+00	0.000000e+00	0.000000e+00	26	26	1	1	1	72	1	205	47	0	0	0	0	0	0	0	0	0	0
40.905476	45	1118	1074	0	7.133333	0.000000	0.693333	0.000000	1.000000e+00	0.000000e+00	0.000000e+00	0.000000e+00	20	20	1	1	1	75	1	210	45	0	0	0	0	0	0	0	0	0	0
41.905804	49	1159	1111	0	7.122449	0.000000	0.678884	0.000000	1.000000e+00	0.000000e+00	0.000000e+00	0.000000e+00	16	16	1	1	1	75	1	214	49	0	0	0	0	0	0	0	0	0	0
42.918701	54	1215	1162	0	7.574074	0.000000	1.577846	0.000000	1.000000e+00	0.000000e+00	0.000000e+00	0.000000e+00	19	19	1	1	1	80	1	226	54	0	0	0	0	0	0	0	0	0	0
43.945301	55	1259	1205	0	7.763637	0.000000	1.744132	0.000000	1.000000e+00	0.000000e+00	0.000000e+00	0.000000e+00	19	19	1	1	1	83	1	235	55	0	0	0	0	0	0	0	0	0	0
44.955616	49	1308	1260	0	7.897959	0.000000	2.050812	0.000000	1.000000e+00	0.000000e+00	0.000000e+00	0.000000e+00	18	18	1	1	1	87	1	243	49	0	0	0	0	0	0	0	0	0	0
45.956215	51	1352	1302	0	8.039216	0.000000	2.194541	0.000000	1.000000e+00	0.000000e+00	0.000000e+00	0.000000e+00	21	21	1	1	1	90	1	257	51	0	0	0	0	0	0	0	0	0	0
46.962154	73	1424	1352	0	7.945206	0.000000	1.942203	0.000000	1.000000e+00	0.000000e+00	0.000000e+00	0.000000e+00	21	21	1	1	1	92	1	267	73	0	0	0	0	0	0	0	0	0	0
47.963150	63	1494	1432	0	8.587301	0.000000	3.258251	0.000000	1.000000e+00	0.000000e+00	0.000000e+00	0.000000e+00	26	26	1	1	1	100	1	285	63	0	0	0	0	0	0	0	0	0	0
48.974167	68	1559	1492	0	8.911765	0.000000	3.492214	0.000000	1.000000e+00	0.000000e+00	0.000000e+00	0.000000e+00	32	32	1	1	1	111	1	304	68	0	0	0	0	0	0	0	0	0	0
49.980812	73	1636	1564	0	8.958904	0.000000	3.190091	0.000000	1.000000e+00	0.000000e+00	0.000000e+00	0.000000e+00	28	28	1	1	1	116	1	315	73	0	0	0	0	0	0	0	0	0	0
50.983177	81	1710	1630	0	9.271605	0.000000	3.605243	0.000000	1.000000e+00	0.000000e+00	0.000000e+00	0.000000e+00	27	27	1	1	1	116	1	329	81	0	0	0	0	0	0	0	0	0	0
51.992626	73	1779	1707	0	10.109589	0.000000	5.248266	0.000000	1.000000e+00	0.000000e+00	0.000000e+00	0.000000e+00	20	20	1	1	1	116	1	333	73	0	0	0	0	0	0	0	0	0	0
52.996670	64	1843	1780	0	10.703125	0.000000	7.302490	0.000000	1.000000e+00	0.000000e+00	0.000000e+00	0.000000e+00	20	20	1	1	1	116	1	345	64	0	0	0	0	0	0	0	0	0	0
54.007843	49	1882	1834	0	11.285714	0.000000	6.285714	0.000000	1.000000e+00	0.000000e+00	0.000000e+00	0.000000e+00	17	17	1	1	1	116	1	351	49	0	0	0	0	0	0	0	0	0	0
55.028103	51	1935	1885	0	11.294118	0.000000	6.756632	0.000000	1.000000e+00	0.000000e+00	0.000000e+00	0.000000e+00	17	17	1	1	1	116	1	361	51	0	0	0	0	0	0	0	0	0	0
56.040100	62	1993	1932	0	11.129032	0.000000	7.434963	0.000000	1.000000e+00	0.000000e+00	0.000000e+00	0.000000e+00	19	19	1	1	1	118	1	372	62	0	0	0	0	0	0	0	0	0	0
57.041420	71	2056	1986	0	11.676056	0.000000	7.035907	0.000000	1.000000e+00	0.000000e+00	0.000000e+00	0.000000e+00	27	27	1	1	1	128	1	383	71	0	0	0	0	0	0	0	0	0	0
58.053783	63	2119	2057	0	11.841269	0.000000	9.149407	0.000000	1.000000e+00	0.000000e+00	0.000000e+00	0.000000e+00	21	21	1	1	1	128	1	393	63	0	0	0	0	0	0	0	0	0	0
59.067017	73	2189	2117	0	12.068493	0.000000	10.584350	0.000000	1.000000e+00	0.000000e+00	0.000000e+00	0.000000e+00	24	24	1	1	1	131	1	405	73	0	0	0	0	0	0	0	0	0	0
60.068287	80	2256	2177	0	12.200000	0.000000	11.510000	0.000000	1.000000e+00	0.000000e+00	0.000000e+00	0.000000e+00	28	28	1	1	1	137	1	416	80	0	0	0	0	0	0	0	0	0	0
61.073250	58	2322	2265	0	11.741380	0.000000	11.226219	0.000000	1.000000e+00	0.000000e+00	0.000000e+00	0.000000e+00	22	22	1	1	1	138	1	424	58	0	0	0	0	0	0	0	0	0	0
62.103531	46	2370	2325	0	12.065217	0.000000	9.017486	0.000000	1.000000e+00	0.000000e+00	0.000000e+00	0.000000e+00	22	22	1	1	1	144	1	439	46	0	0	0	0	0	0	0	0	0	0
63.117760	36	2409	2374	0	12.277778	0.000000	9.867285	0.000000	1.000000e+00	0.000000e+00	0.000000e+00	0.000000e+00	18	18	1	1	1	144	1	445	36	0	0	0	0	0	0	0	0	0	0
64.121071	31	2436	2406	0	12.548388	0.000000	9.215400	0.000000	1.000000e+00	0.000000e+00	0.000000e+00	0.000000e+00	12	12	1	1	1	144	1	447	31	0	0	0	0	0	0	0	0	0	0
65.131424	27	2465	2439	0	13.000000	0.000000	11.481482	0.000000	1.000000e+00	0.000000e+00	0.000000e+00	0.000000e+00	13	13	1	1	1	144	1	451	27	0	0	0	0	0	0	0	0	0	0
66.135101	39	2504	2466	0	12.743589	0.000000	13.780406	0.000000	1.000000e+00	0.000000e+00	0.000000e+00	0.000000e+00	14	14	1	1	1	146	1	456	39	0	0	0	0	0	0	0	0	0	0
67.136734	33	2532	2500	0	14.000000	0.000000	13.636364	0.000000	1.000000e+00	0.000000e+00	0.000000e+00	0.000000e+00	15	15	1	1	1	148	1	462	33	0	0	0	0	0	0	0	0	0	0
68.143425	28	2563	2536	0	12.142858	0.000000	9.551020	0.000000	1.000000e+00	0.000000e+00	0.000000e+00	0.000000e+00	13	13	1	1	1	153	1	470	28	0	0	0	0	0	0	0	0	0	0
69.145554	36	2591	2556	0	12.361111	0.000000	8.008487	0.000000	1.000000e+00	0.000000e+00	0.000000e+00	0.000000e+00	19	19	1	1	1	159	1	483	36	0	0	0	0	0	0	0	0	0	0
70.147926	46	2631	2586	0	12.086957	0.000000	5.166352	0.000000	1.000000e+00	0.000000e+00	0.000000e+00	0.000000e+00	22	22	1	1	1	165	1	492	46	0	0	0	0	0	0	0	0	0	0
71.151886	55	2687	2633	0	12.327272	0.000000	3.674712	0.000000	1.000000e+00	0.000000e+00	0.000000e+00	0.000000e+00	17	17	1	1	1	168	1	501	55	0	0	0	0	0	0	0	0	0	0
72.153641	49	2733	2685	0	12.122449	0.000000	3.291128	0.000000	1.000000e+00	0.000000e+00	0.000000e+00	0.000000e+00	16	16	1	1	1	168	1	508	49	0	0	0	0	0	0	0	0	0	0
73.172813	75	2817	2743	0	12.973333	0.000000	5.172623	0.000000	1.000000e+00	0.000000e+00	0.000000e+00	0.000000e+00	32	32	1	1	1	181	1	532	75	0	0	0	0	0	0	0	0	0	0
74.175575	62	2878	2817	0	13.306452	0.000000	4.664152	0.000000	1.000000e+00	0.000000e+00	0.000000e+00	0.000000e+00	23	23	1	1	1	185	1	540	62	0	0	0	0	0	0	0	0	0	0
75.177231	54	2926	2873	0	13.814815	0.000000	5.002742	0.000000	1.000000e+00	0.000000e+00	0.000000e+00	0.000000e+00	23	23	1	1	1	185	1	547	54	0	0	0	0	0	0	0	0	0	0
76.195686	55	2976	2922	0	14.654546	0.000000	4.262480	0.000000	1.000000e+00	0.000000e+00	0.000000e+00	0.000000e+00	24	24	1	1	1	185	1	558	55	0	0	0	0	0	0	0	0	0	0
77.199966	52	3038	2987	0	14.596154	0.000000	5.933062	0.000000	1.000000e+00	0.000000e+00	0.000000e+00	0.000000e+00	20	20	1	1	1	185	1	569	52	0	0	0	0	0	0	0	0	0	0
78.207611	67	3107	3041	0	14.582089	0.000000	6.094008	0.000000	1.000000e+00	0.000000e+00	0.000000e+00	0.000000e+00	18	18	1	1	1	185	1	576	67	0	0	0	0	0	0	0	0	0	0
79.209938	86	3182	3097	0	14.604651	0.000000	6.890210	0.000000	1.000000e+00	0.000000e+00	0.000000e+00	0.000000e+00	24	24	1	1	1	192	1	589	86	0	0	0	0	0	0	0	0	0	0
80.210709	71	3245	3175	0	14.450705	0.000000	6.810951	0.000000	1.000000e+00	0.000000e+00	0.000000e+00	0.000000e+00	21	21	1	1	1	194	1	597	71	0	0	0	0	0	0	0	0	0	0
81.215408	79	3345	3267	0	14.189874	0.000000	6.305720	0.000000	1.000000e+00	0.000000e+00	0.000000e+00	0.000000e+00	30	30	1	1	1	209	1	622	79	0	0	0	0	0	0	0	0	0	0
82.216003	83	3421	3339	0	13.674699	0.000000	4.845986	0.000000	1.000000e+00	0.000000e+00	0.000000e+00	0.000000e+00	35	35	1	1	1	213	1	639	83	0	0	0	0	0	0	0	0	0	0
83.222336	113	3529	3417	0	13.920354	0.000000	3.489231	0.000000	1.000000e+00	0.000000e+00	0.000000e+00	0.000000e+00	32	32	1	1	1	216	1	653	113	0	0	0	0	0	0	0	0	0	0
84.231064	97	3631	3535	0	14.268042	0.000000	3.763206	0.000000	1.000000e+00	0.000000e+00	0.000000e+00	0.000000e+00	37	37	1	1	1	222	1	674	97	0	0	0	0	0	0	0	0	0	0
85.233330	96	3732	3637	0	14.531250	0.000000	2.915690	0.000000	1.000000e+00	0.000000e+00	0.000000e+00	0.000000e+00	34	34	1	1	1	225	1	695	96	0	0	0	0	0	0	0	0	0	0
86.235283	87	3817	3731	0	14.758620	0.000000	3.010701	0.000000	1.000000e+00	0.000000e+00	0.000000e+00	0.000000e+00	36	36	1	1	1	232	1	715	87	0	0	0	0	0	0	0	0	0	0
87.246521	70	3887	3818	0	14.257143	0.000000	2.905306	0.000000	1.000000e+00	0.000000e+00	0.000000e+00	0.000000e+00	29	29	1	1	1	237	1	727	70	0	0	0	0	0	0	0	0	0	0
88.251381	57	3938	3882	0	14.368421	0.000000	4.057248	0.000000	1.000000e+00	0.000000e+00	0.000000e+00	0.000000e+00	23	23	1	1	1	237	1	735	57	0	0	0	0	0	0	0	0	0	0
89.254585	58	3992	3935	0	14.172414	0.000000	4.177170	0.000000	1.000000e+00	0.000000e+00	0.000000e+00	0.000000e+00	22	22	1	1	1	237	1	745	58	0	0	0	0	0	0	0	0	0	0
90.257271	68	4047	3980	0	14.367647	0.000000	3.085424	0.000000	1.000000e+00	0.000000e+00	0.000000e+00	0.000000e+00	27	27	1	1	1	239	1	758	68	0	0	0	0	0	0	0	0	0	0
91.257416	75	4113	4039	0	14.906667	0.000000	3.737955	0.000000	1.000000e+00	0.000000e+00	0.000000e+00	0.000000e+00	29	29	1	1	1	246	1	772	75	0	0	0	0	0	0	0	0	0	0
92.257805	65	4191	4127	0	15.369231	0.000000	3.217515	0.000000	1.000000e+00	0.000000e+00	0.000000e+00	0.000000e+00	29	29	1	1	1	249	1	787	65	0	0	0	0	0	0	0	0	0	0
93.259544	58	4242	4185	0	15.413794	0.000000	3.001189	0.000000	1.000000e+00	0.000000e+00	0.000000e+00	0.000000e+00	26	26	1	1	1	250	1	798	58	0	0	0	0	0	0	0	0	0	0
94.261246	64	4304	4241	0	15.046875	0.000000	4.169678	0.000000	1.000000e+00	0.000000e+00	0.000000e+00	0.000000e+00	28	28	1	1	1	256	1	812	64	0	0	0	0	0	0	0	0	0	0
95.267563	77	4374	4298	0	14.987013	0.000000	6.610221	0.000000	1.000000e+00	0.000000e+00	0.000000e+00	0.000000e+00	33	33	1	1	1	267	1	832	77	0	0	0	0	0	0	0	0	0	0
96.268394	106	4478	4373	0	15.150944	0.000000	7.090424	0.000000	1.000000e+00	0.000000e+00	0.000000e+00	0.000000e+00	36	36	1	1	1	277	1	854	106	0	0	0	0	0	0	0	0	0	0
97.269310	102	4572	4471	0	15.441176	0.000000	8.717129	0.000000	1.000000e+00	0.000000e+00	0.000000e+00	0.000000e+00	40	40	1	1	1	287	1	875	102	0	0	0	0	0	0	0	0	0	0
98.277634	97	4658	4562	0	15.206185	0.000000	9.050269	0.000000	1.000000e+00	0.000000e+00	0.000000e+00	0.000000e+00	38	38	1	1	1	290	1	888	97	0	0	0	0	0	0	0	0	0	0
99.284203	88	4758	4671	0	15.079545	0.000000	9.459580	0.000000	1.000000e+00	0.000000e+00	0.000000e+00	0.000000e+00	35	35	1	1	1	296	1	904	88	0	0	0	0	0	0	0	0	0	0
100.297676	81	4836	4756	0	15.234568	0.000000	11.858557	0.000000	1.000000e+00	0.000000e+00	0.000000e+00	0.000000e+00	28	28	1	1	1	297	1	916	81	0	0	0	0	0	0	0	0	0	0
101.309509	110	4944	4835	0	15.300000	0.000000	11.937275	0.000000	1.000000e+00	0.000000e+00	0.000000e+00	0.000000e+00	30	30	1	1	1	299	1	928	110	0	0	0	0	0	0	0	0	0	0
102.310020	132	5080	4949	0	15.916667	0.000000	12.864272	0.000000	1.000000e+00	0.000000e+00	0.000000e+00	0.000000e+00	42	42	1	1	1	313	1	951	132	0	0	0	0	0	0	0	0	0	0
103.310257	152	5231	5080	0	15.769737	0.000000	12.795665	0.000000	1.000000e+00	0.000000e+00	0.000000e+00	0.000000e+00	44	44	1	1	1	323	1	974	152	0	0	0	0	0	0	0	0	0	0
104.311447	160	5398	5239	0	15.456250	0.000000	13.135585	0.000000	1.000000e+00	0.000000e+00	0.000000e+00	0.000000e+00	55	55	1	1	1	336	1	1010	160	0	0	0	0	0	0	0	0	0	0
105.318657	179	5574	5396	0	15.240224	0.000000	12.517714	0.000000	1.000000e+00	0.000000e+00	0.000000e+00	0.000000e+00	62	62	1	1	1	348	1	1038	179	0	0	0	0	0	0	0	0	0	0
106.320770	180	5756	5577	0	15.716666	0.000000	15.525278	0.000000	1.000000e+00	0.000000e+00	0.000000e+00	0.000000e+00	62	62	1	1	1	355	1	1070	180	0	0	0	0	0	0	0	0	0	0
107.327171	194	5950	5757	0	15.798969	0.000000	15.294640	0.000000	1.000000e+00	0.000000e+00	0.000000e+00	0.000000e+00	60	60	1	1	1	372	1	1105	194	0	0	0	0	0	0	0	0	0	0
108.330956	230	6178	5949	0	15.782609	0.000000	14.909265	0.000000	1.000000e+00	0.000000e+00	0.000000e+00	0.000000e+00	66	66	1	1	1	379	1	1145	230	0	0	0	0	0	0	0	0	0	0
109.334602	206	6399	6194	0	16.072815	0.000000	16.417023	0.000000	1.000000e+00	0.000000e+00	0.000000e+00	0.000000e+00	77	77	1	1	1	401	1	1199	206	0	0	0	0	0	0	0	0	0	0
110.339348	169	6568	6400	0	16.473373	0.000000	19.858757	0.000000	1.000000e+00	0.000000e+00	0.000000e+00	0.000000e+00	76	76	1	1	1	409	1	1241	169	0	0	0	0	0	0	0	0	0	0
111.342819	195	6760	6566	0	16.789743	0.000000	20.042971	0.000000	1.000000e+00	0.000000e+00	0.000000e+00	0.000000e+00	74	74	1	1	1	419	1	1275	195	0	0	0	0	0	0	0	0	0	0
112.344002	178	6944	6767	0	17.292135	0.000000	19.386560	0.000000	1.000000e+00	0.000000e+00	0.000000e+00	0.000000e+00	71	71	1	1	1	431	1	1313	178	0	0	0	0	0	0	0	0	0	0
113.344612	195	7138	6944	0	17.558975	0.000000	21.067039	0.000000	1.000000e+00	0.000000e+00	0.000000e+00	0.000000e+00	76	76	1	1	1	442	1	1342	195	0	0	0	0	0	0	0	0	0	0
114.345673	218	7356	7139	0	17.490826	0.000000	20.387531	0.000000	1.000000e+00	0.000000e+00	0.000000e+00	0.000000e+00	80	80	1	1	1	459	1	1380	218	0	0	0	0	0	0	0	0	0	0
115.347435	242	7607	7366	0	17.640495	0.000000	20.494720	0.000000	1.000000e+00	0.000000e+00	0.000000e+00	0.000000e+00	84	84	1	1	1	469	1	1413	242	0	0	0	0	0	0	0	0	0	0
116.347794	242	7845	7604	0	17.590910	0.000000	21.770655	0.000000	1.000000e+00	0.000000e+00	0.000000e+00	0.000000e+00	80	80	1	1	1	476	1	1450	242	0	0	0	0	0	0	0	0	0	0
117.352425	260	8121	7862	0	18.246155	0.000000	18.254797	0.000000	1.000000e+00	0.000000e+00	0.000000e+00	0.000000e+00	95	95	1	1	1	502	1	1510	260	0	0	0	0	0	0	0	0	0	0
118.353378	279	8391	8113	0	18.831541	0.000000	16.254765	0.000000	1.000000e+00	0.000000e+00	0.000000e+00	0.000000e+00	98	98	1	1	1	523	1	1562	279	0	0	0	0	0	0	0	0	0	0
119.353493	328	8720	8393	0	18.807926	0.000000	16.527132	0.000000	1.000000e+00	0.000000e+00	0.000000e+00	0.000000e+00	107	107	1	1	1	548	1	1617	328	0	0	0	0	0	0	0	0	0	0
120.355789	303	9008	8706	0	19.399340	0.000000	16.239870	0.000000	1.000000e+00	0.000000e+00	0.000000e+00	0.000000e+00	114	114	1	1	1	571	1	1678	303	0	0	0	0	0	0	0	0	0	0
121.358894	333	9327	8995	0	19.300301	0.000000	15.753674	0.000000	1.000000e+00	0.000000e+00	0.000000e+00	0.000000e+00	117	117	1	1	1	589	1	1745	333	0	0	0	0	0	0	0	0	0	0
122.367661	346	9653	9308	0	19.557804	0.000000	14.466308	0.000000	1.000000e+00	0.000000e+00	0.000000e+00	0.000000e+00	130	130	1	1	1	615	1	1808	346	0	0	0	0	0	0	0	0	0	0
123.367722	354	10022	9669	0	19.768362	0.000000	13.635612	0.000000	1.000000e+00	0.000000e+00	0.000000e+00	0.000000e+00	134	134	1	1	1	642	1	1886	354	0	0	0	0	0	0	0	0	0	0
124.368095	348	10375	10028	0	20.005747	0.000000	12.781571	0.000000	1.000000e+00	0.000000e+00	0.000000e+00	0.000000e+00	148	148	1	1	1	672	1	1965	348	0	0	0	0	0	0	0	0	0	0
125.369781	348	10733	10386	0	20.054598	0.000000	13.114829	0.000000	1.000000e+00	0.000000e+00	0.000000e+00	0.000000e+00	149	149	1	1	1	692	1	2034	348	0	0	0	0	0	0	0	0	0	0
126.370789	379	11100	10722	0	20.316622	0.000000	13.820588	0.000000	1.000000e+00	0.000000e+00	0.000000e+00	0.000000e+00	155	155	1	1	1	719	1	2107	379	0	0	0	0	0	0	0	0	0	0
127.371788	352	11432	11081	0	19.963068	0.000000	13.296930	0.000000	1.000000e+00	0.000000e+00	0.000000e+00	0.000000e+00	136	136	1	1	1	731	1	2165	352	0	0	0	0	0	0	0	0	0	0
128.373062	346	11769	11424	0	20.471098	0.000000	14.451484	0.000000	1.000000e+00	0.000000e+00	0.000000e+00	0.000000e+00	147	147	1	1	1	766	1	2249	346	0	0	0	0	0	0	0	0	0	0
129.376007	339	12103	11765	0	20.985250	0.000000	15.011579	0.000000	1.000000e+00	0.000000e+00	0.000000e+00	0.000000e+00	144	144	1	1	1	786	1	2314	339	0	0	0	0	0	0	0	0	0	0
130.378601	397	12511	12115	0	21.171284	0.000000	16.398876	0.000000	1.000000e+00	0.000000e+00	0.000000e+00	0.000000e+00	171	171	1	1	1	826	1	2397	397	0	0	0	0	0	0	0	0	0	0
131.380905	420	12933	12514	0	21.145239	0.000000	14.652715	0.000000	1.000000e+00	0.000000e+00	0.000000e+00	0.000000e+00	182	182	1	1	1	865	1	2483	420	0	0	0	0	0	0	0	0	0	0
132.380951	419	13336	12918	0	21.513126	0.000000	17.233122	0.000000	1.000000e+00	0.000000e+00	0.000000e+00	0.000000e+00	167	167	1	1	1	884	1	2552	419	0	0	0	0	0	0	0	0	0	0
133.381378	460	13800	13341	0	21.356522	0.000000	14.194634	0.000000	1.000000e+00	0.000000e+00	0.000000e+00	0.000000e+00	166	166	1	1	1	905	1	2637	460	0	0	0	0	0	0	0	0	0	0
134.382309	489	14311	13823	0	21.695297	0.000000	14.526782	0.000000	1.000000e+00	0.000000e+00	0.000000e+00	0.000000e+00	187	187	1	1	1	956	1	2752	489	0	0	0	0	0	0	0	0	0	0
135.384720	479	14785	14307	0	21.609604	0.000000	12.713981	0.000000	1.000000e+00	0.000000e+00	0.000000e+00	0.000000e+00	181	181	1	1	1	975	1	2845	479	0	0	0	0	0	0	0	0	0	0
136.386322	496	15256	14761	0	21.610888	0.000000	12.286088	0.000000	1.000000e+00	0.000000e+00	0.000000e+00	0.000000e+00	188	188	1	1	1	1000	1	2939	496	0	0	0	0	0	0	0	0	0	0
137.387939	487	15728	15242	0	21.864477	0.000000	12.786564	0.000000	1.000000e+00	0.000000e+00	0.000000e+00	0.000000e+00	177	177	1	1	1	1027	1	3026	487	0	0	0	0	0	0	0	0	0	0
138.388214	501	16235	15735	0	22.171658	0.000000	12.740992	0.000000	1.000000e+00	0.000000e+00	0.000000e+00	0.000000e+00	185	185	1	1	1	1059	1	3112	501	0	0	0	0	0	0	0	0	0	0
139.388763	477	16727	16251	0	22.238995	0.000000	12.777262	0.000000	1.000000e+00	0.000000e+00	0.000000e+00	0.000000e+00	197	197	1	1	1	1097	1	3230	477	0	0	0	0	0	0	0	0	0	0
140.390396	434	17142	16709	0	22.322580	0.000000	14.190870	0.000000	1.000000e+00	0.000000e+00	0.000000e+00	0.000000e+00	176	176	1	1	1	1115	1	3321	434	0	0	0	0	0	0	0	0	0	0
141.391205	449	17597	17149	0	22.679287	0.000000	16.079763	0.000000	1.000000e+00	0.000000e+00	0.000000e+00	0.000000e+00	170	170	1	1	1	1144	1	3405	449	0	0	0	0	0	0	0	0	0	0
142.391907	507	18109	17603	0	22.814596	0.000000	14.663851	0.000000	1.000000e+00	0.000000e+00	0.000000e+00	0.000000e+00	185	185	1	1	1	1176	1	3503	507	0	0	0	0	0	0	0	0	0	0
143.392075	500	18613	18114	0	23.040001	0.000000	14.510404	0.000000	1.000000e+00	0.000000e+00	0.000000e+00	0.000000e+00	196	196	1	1	1	1210	1	3600	500	0	0	0	0	0	0	0	0	0	0
144.395203	479	19082	18604	0	23.739040	0.000000	15.307688	0.000000	1.000000e+00	0.000000e+00	0.000000e+00	0.000000e+00	181	181	1	1	1	1228	1	3700	479	0	0	0	0	0	0	0	0	0	0
145.395325	466	19531	19066	0	23.693132	0.000000	14.650465	0.000000	1.000000e+00	0.000000e+00	0.000000e+00	0.000000e+00	169	169	1	1	1	1236	1	3770	466	0	0	0	0	0	0	0	0	0	0
146.396255	474	20015	19542	0	23.424051	0.000000	14.307523	0.000000	1.000000e+00	0.000000e+00	0.000000e+00	0.000000e+00	175	175	1	1	1	1265	1	3860	474	0	0	0	0	0	0	0	0	0	0
147.396591	506	20515	20010	0	23.521740	0.000000	14.150713	0.000000	1.000000e+00	0.000000e+00	0.000000e+00	0.000000e+00	178	178	1	1	1	1294	1	3952	506	0	0	0	0	0	0	0	0	0	0
148.396667	536	21049	20514	0	23.951492	0.000000	15.534968	0.000000	1.000000e+00	0.000000e+00	0.000000e+00	0.000000e+00	200	200	1	1	1	1347	1	4067	536	0	0	0	0	0	0	0	0	0	0
149.398941	533	21556	21024	0	24.133207	0.000000	16.040424	0.000000	1.000000e+00	0.000000e+00	0.000000e+00	0.000000e+00	202	202	1	1	1	1369	1	4158	533	0	0	0	0	0	0	0	0	0	0
150.400269	533	22119	21587	0	23.981237	0.000000	14.960251	0.000000	1.000000e+00	0.000000e+00	0.000000e+00	0.000000e+00	214	214	1	1	1	1420	1	4285	533	0	0	0	0	0	0	0	0	0	0
151.400452	492	22619	22128	0	24.193089	0.000000	15.777745	0.000000	1.000000e+00	0.000000e+00	0.000000e+00	0.000000e+00	209	209	1	1	1	1439	1	4376	492	0	0	0	0	0	0	0	0	0	0
152.401367	466	23092	22627	0	24.171675	0.000000	16.039196	0.000000	1.000000e+00	0.000000e+00	0.000000e+00	0.000000e+00	177	177	1	1	1	1448	1	4460	466	0	0	0	0	0	0	0	0	0	0
153.403580	503	23595	23093	0	24.518887	0.000000	16.146259	0.000000	1.000000e+00	0.000000e+00	0.000000e+00	0.000000e+00	196	196	1	1	1	1473	1	4558	503	0	0	0	0	0	0	0	0	0	0
154.404938	495	24079	23585	0	25.052525	0.000000	16.110373	0.000000	1.000000e+00	0.000000e+00	0.000000e+00	0.000000e+00	196	196	1	1	1	1505	1	4649	495	0	0	0	0	0	0	0	0	0	0
155.408066	488	24540	24053	0	25.143442	0.000000	17.368774	0.000000	1.000000e+00	0.000000e+00	0.000000e+00	0.000000e+00	164	164	1	1	1	1512	1	4729	488	0	0	0	0	0	0	0	0	0	0
156.410782	513	25036	24524	0	25.641325	0.000000	18.768042	0.000000	1.000000e+00	0.000000e+00	0.000000e+00	0.000000e+00	168	168	1	1	1	1539	1	4816	513	0	0	0	0	0	0	0	0	0	0
157.416290	511	25564	25054	0	26.195694	0.000000	19.351143	0.000000	1.000000e+00	0.000000e+00	0.000000e+00	0.000000e+00	180	180	1	1	1	1583	1	4915	511	0	0	0	0	0	0	0	0	0	0
158.417145	553	26091	25539	0	26.640144	0.000000	20.443768	0.000000	1.000000e+00	0.000000e+00	0.000000e+00	0.000000e+00	210	210	1	1	1	1628	1	5027	553	0	0	0	0	0	0	0	0	0	0
159.417343	535	26640	26106	0	26.669159	0.000000	18.307379	0.000000	1.000000e+00	0.000000e+00	0.000000e+00	0.000000e+00	195	195	1	1	1	1650	1	5137	535	0	0	0	0	0	0	0	0	0	0
160.420151	513	27152	26640	0	27.220272	0.000000	19.571363	0.000000	1.000000e+00	0.000000e+00	0.000000e+00	0.000000e+00	205	205	1	1	1	1682	1	5250	513	0	0	0	0	0	0	0	0	0	0
161.420593	518	27671	27154	0	27.361004	0.000000	19.751904	0.000000	1.000000e+00	0.000000e+00	0.000000e+00	0.000000e+00	194	194	1	1	1	1702	1	5332	518	0	0	0	0	0	0	0	0	0	0
162.421692	537	28202	27666	0	27.480448	0.000000	20.290569	0.000000	1.000000e+00	0.000000e+00	0.000000e+00	0.000000e+00	212	212	1	1	1	1742	1	5423	537	0	0	0	0	0	0	0	0	0	0
163.422226	564	28793	28230	0	27.657801	0.000000	20.643536	0.000000	1.000000e+00	0.000000e+00	0.000000e+00	0.000000e+00	220	220	1	1	1	1776	1	5538	564	0	0	0	0	0	0	0	0	0	0
164.422546	607	29416	28810	0	27.490938	0.000000	19.999502	0.000000	1.000000e+00	0.000000e+00	0.000000e+00	0.000000e+00	233	233	1	1	1	1810	1	5651	607	0	0	0	0	0	0	0	0	0	0
165.428162	614	30031	29418	0	27.526058	0.000000	18.819344	0.000000	1.000000e+00	0.000000e+00	0.000000e+00	0.000000e+00	245	245	1	1	1	1868	1	5774	614	0	0	0	0	0	0	0	0	0	0
166.428726	584	30630	30047	0	27.575342	0.000000	17.627893	0.000000	1.000000e+00	0.000000e+00	0.000000e+00	0.000000e+00	233	233	1	1	1	1902	1	5888	584	0	0	0	0	0	0	0	0	0	0
167.430161	590	31210	30621	0	27.401695	0.000000	16.809839	0.000000	1.000000e+00	0.000000e+00	0.000000e+00	0.000000e+00	219	219	1	1	1	1918	1	6001	590	0	0	0	0	0	0	0	0	0	0
168.430496	642	31851	31210	0	27.579439	0.000000	16.820005	0.000000	1.000000e+00	0.000000e+00	0.000000e+00	0.000000e+00	225	225	1	1	1	1954	1	6115	642	0	0	0	0	0	0	0	0	0	0
169.430588	598	32446	31849	0	27.931438	0.000000	18.207670	0.000000	1.000000e+00	0.000000e+00	0.000000e+00	0.000000e+00	222	222	1	1	1	1981	1	6220	598	0	0	0	0	0	0	0	0	0	0
170.431839	595	33023	32429	0	27.963026	0.000000	17.860825	0.000000	1.000000e+00	0.000000e+00	0.000000e+00	0.000000e+00	222	222	1	1	1	2020	1	6336	595	0	0	0	0	0	0	0	0	0	0
171.432007	594	33593	33000	0	28.434343	0.000000	21.070606	0.000000	1.000000e+00	0.000000e+00	0.000000e+00	0.000000e+00	232	232	1	1	1	2067	1	6461	594	0	0	0	0	0	0	0	0	0	0
172.433395	617	34209	33593	0	28.264181	0.000000	18.233292	0.000000	1.000000e+00	0.000000e+00	0.000000e+00	0.000000e+00	236	236	1	1	1	2108	1	6582	617	0	0	0	0	0	0	0	0	0	0
173.433960	609	34778	34170	0	28.694582	0.000000	18.149740	0.000000	1.000000e+00	0.000000e+00	0.000000e+00	0.000000e+00	234	234	1	1	1	2134	1	6680	609	0	0	0	0	0	0	0	0	0	0
174.434860	592	35362	34771	0	28.834459	0.000000	18.394880	0.000000	1.000000e+00	0.000000e+00	0.000000e+00	0.000000e+00	227	227	1	1	1	2162	1	6789	592	0	0	0	0	0	0	0	0	0	0
175.435471	634	35991	35358	0	29.093060	0.000000	18.257912	0.000000	1.000000e+00	0.000000e+00	0.000000e+00	0.000000e+00	237	237	1	1	1	2204	1	6915	634	0	0	0	0	0	0	0	0	0	0
176.436005	673	36685	36013	0	29.173849	0.000000	16.821190	0.000000	1.000000e+00	0.000000e+00	0.000000e+00	0.000000e+00	247	247	1	1	1	2256	1	7049	673	0	0	0	0	0	0	0	0	0	0
177.436478	669	37333	36665	0	28.902840	0.000000	15.576532	0.000000	1.000000e+00	0.000000e+00	0.000000e+00	0.000000e+00	259	259	1	1	1	2289	1	7171	669	0	0	0	0	0	0	0	0	0	0
178.436798	686	38022	37337	0	29.263849	0.000000	15.888115	0.000000	1.000000e+00	0.000000e+00	0.000000e+00	0.000000e+00	272	272	1	1	1	2338	1	7308	686	0	0	0	0	0	0	0	0	0	0
179.437851	731	38775	38045	0	29.495213	0.000000	15.363522	0.000000	1.000000e+00	0.000000e+00	0.000000e+00	0.000000e+00	282	282	1	1	1	2390	1	7463	731	0	0	0	0	0	0	0	0	0	0
180.439590	765	39557	38793	0	30.098040	0.000000	17.999531	0.000000	1.000000e+00	0.000000e+00	0.000000e+00	0.000000e+00	288	288	1	1	1	2440	1	7612	765	0	0	0	0	0	0	0	0	0	0
181.440338	761	40292	39532	0	30.624178	0.000000	19.298967	0.000000	1.000000e+00	0.000000e+00	0.000000e+00	0.000000e+00	292	292	1	1	1	2474	1	7750	761	0	0	0	0	0	0	0	0	0	0
182.440384	824	41159	40336	0	30.864079	0.003641	19.289774	0.003628	1.000360e+00	0.000000e+00	3.546735e-05	0.000000e+00	301	301	2	1	1	2530	2	7899	821	3	0	0	0	0	0	0	0	0	0
183.440399	883	42030	41148	0	31.140430	0.002265	19.701685	0.002260	1.000224e+00	0.000000e+00	2.209548e-05	0.000000e+00	326	326	2	1	1	2601	2	8061	881	2	0	0	0	0	0	0	0	0	0
184.440491	863	42867	42005	0	31.207417	0.003476	19.874710	0.003464	1.000344e+00	0.000000e+00	3.387003e-05	0.000000e+00	322	322	2	1	1	2644	2	8214	860	3	0	0	0	0	0	0	0	0	0
185.440918	865	43749	42885	0	31.409248	0.002312	20.738882	0.002307	1.000229e+00	0.000000e+00	2.255414e-05	0.000000e+00	339	339	2	1	1	2702	2	8401	863	2	0	0	0	0	0	0	0	0	0
186.441116	953	44718	43766	0	31.452255	0.001049	18.938177	0.001048	1.000104e+00	0.000000e+00	1.024877e-05	0.000000e+00	355	355	2	1	1	2760	2	8577	952	1	0	0	0	0	0	0	0	0	0
187.441452	1024	45724	44701	0	31.793945	0.000977	20.880386	0.000976	1.000097e+00	0.000000e+00	9.538804e-06	0.000000e+00	378	378	2	1	1	2822	2	8755	1023	1	0	0	0	0	0	0	0	0	0
188.441650	1067	46818	45752	0	31.844423	0.004686	21.149185	0.004664	1.000463e+00	0.000000e+00	4.560219e-05	0.000000e+00	416	416	2	1	1	2917	2	8982	1062	5	0	0	0	0	0	0	0	0	0
189.442917	1093	47875	46783	0	32.052151	0.006404	21.149153	0.006363	1.000633e+00	0.000000e+00	6.221676e-05	0.000000e+00	404	404	2	1	1	2964	2	9161	1086	7	0	0	0	0	0	0	0	0	0
190.444031	1146	49010	47865	0	32.078533	0.004363	20.327147	0.004344	1.000431e+00	0.000000e+00	4.247229e-05	0.000000e+00	427	427	2	1	1	3033	2	9374	1141	5	0	0	0	0	0	0	0	0	0
191.444229	1117	50158	49042	0	32.393913	0.003581	20.399904	0.003568	1.000354e+00	0.000000e+00	3.488746e-05	0.000000e+00	432	432	2	1	1	3105	2	9597	1113	4	0	0	0	0	0	0	0	0	0
192.444397	1076	51194	50119	0	32.317844	0.002788	18.739126	0.002780	1.000276e+00	0.000000e+00	2.718418e-05	0.000000e+00	422	422	2	1	1	3152	2	9800	1073	3	0	0	0	0	0	0	0	0	0
193.444962	1087	52296	51210	0	32.315548	0.006440	19.279448	0.006398	1.000637e+00	0.000000e+00	6.255796e-05	0.000000e+00	424	424	2	1	1	3205	2	10007	1080	7	0	0	0	0	0	0	0	0	0
194.445190	1084	53407	52324	0	32.469559	0.008303	19.088541	0.008234	1.000821e+00	0.000000e+00	8.050210e-05	0.000000e+00	434	434	2	1	1	3266	2	10198	1075	9	0	0	0	0	0	0	0	0	0
195.445190	1022	54411	53390	0	32.503914	0.006849	18.048420	0.006802	1.000677e+00	0.000000e+00	6.650962e-05	0.000000e+00	398	398	2	1	1	3309	2	10387	1015	7	0	0	0	0	0	0	0	0	0
196.446228	1136	55572	54437	0	32.544014	0.005282	16.293833	0.005254	1.000522e+00	0.000000e+00	5.136768e-05	0.000000e+00	397	397	2	1	1	3368	2	10603	1130	6	0	0	0	0	0	0	0	0	0
197.446548	1077	56638	55562	0	32.754875	0.004643	16.814606	0.004621	1.000459e+00	0.000000e+00	4.518084e-05	0.000000e+00	382	382	2	1	1	3410	2	10790	1072	5	0	0	0	0	0	0	0	0	0
198.447235	1029	57644	56616	0	32.990280	0.001944	14.860933	0.001940	1.000192e+00	0.000000e+00	1.896659e-05	0.000000e+00	391	391	2	1	1	3479	2	10986	1027	2	0	0	0	0	0	0	0	0	0
199.447845	1070	58683	57614	0	32.986916	0.001869	15.725073	0.001866	1.000185e+00	0.000000e+00	1.824110e-05	0.000000e+00	398	398	2	1	1	3530	2	11177	1068	2	0	0	0	0	0	0	0	0	0
200.448257	1102	59712	58611	0	33.375679	0.001815	16.229107	0.001812	1.000179e+00	0.000000e+00	1.771238e-05	0.000000e+00	417	417	2	1	1	3584	2	11370	1100	2	0	0	0	0	0	0	0	0	0
201.448685	1140	60856	59717	0	33.514912	0.001754	16.549767	0.001751	1.000173e+00	0.000000e+00	1.712297e-05	0.000000e+00	433	433	2	1	1	3661	2	11597	1138	2	0	0	0	0	0	0	0	0	0
202.448730	1193	62081	60889	0	33.716682	0.001676	17.316204	0.001674	1.000166e+00	0.000000e+00	1.636372e-05	0.000000e+00	449	449	2	1	1	3739	2	11820	1191	2	0	0	0	0	0	0	0	0	0
203.450470	1172	63206	62035	0	34.012798	0.000000	18.577480	0.000000	1.000000e+00	0.000000e+00	0.000000e+00	0.000000e+00	456	456	1	1	1	3821	2	12041	1172	0	0	0	0	0	0	0	0	0	0
204.450867	1235	64430	63196	0	34.132793	0.000000	20.116751	0.000000	1.000000e+00	0.000000e+00	0.000000e+00	0.000000e+00	475	475	1	1	1	3909	2	12281	1235	0	0	0	0	0	0	0	0	0	0
205.451187	1370	65797	64428	0	34.399269	0.000000	20.613577	0.000000	1.000000e+00	0.000000e+00	0.000000e+00	0.000000e+00	503	503	1	1	1	3998	2	12524	1370	0	0	0	0	0	0	0	0	0	0
206.451752	1352	67109	65758	0	34.422337	0.000000	20.998402	0.000000	1.000000e+00	0.000000e+00	0.000000e+00	0.000000e+00	507	507	1	1	1	4078	2	12767	1352	0	0	0	0	0	0	0	0	0	0
207.451813	1423	68561	67139	0	34.616302	0.000000	21.320108	0.000000	1.000000e+00	0.000000e+00	0.000000e+00	0.000000e+00	518	518	1	1	1	4167	2	13025	1423	0	0	0	0	0	0	0	0	0	0
208.452103	1398	69929	68532	0	34.769672	0.000000	20.909744	0.000000	1.000000e+00	0.000000e+00	0.000000e+00	0.000000e+00	526	526	1	1	1	4226	2	13269	1398	0	0	0	0	0	0	0	0	0	0
209.452133	1408	71348	69941	0	35.046165	0.000000	22.580950	0.000000	1.000000e+00	0.000000e+00	0.000000e+00	0.000000e+00	540	540	1	1	1	4326	2	13553	1408	0	0	0	0	0	0	0	0	0	0
210.452667	1401	72731	71331	0	35.254818	0.000000	22.529625	0.000000	1.000000e+00	0.000000e+00	0.000000e+00	0.000000e+00	548	548	1	1	1	4403	2	13818	1401	0	0	0	0	0	0	0	0	0	0
211.453217	1421	74150	72730	0	35.391979	0.000000	23.296740	0.000000	1.000000e+00	0.000000e+00	0.000000e+00	0.000000e+00	569	569	1	1	1	4500	2	14095	1421	0	0	0	0	0	0	0	0	0	0
212.453461	1524	75687	74164	0	35.942257	0.000000	23.207932	0.000000	1.000000e+00	0.000000e+00	0.000000e+00	0.000000e+00	607	607	1	1	1	4631	2	14409	1524	0	0	0	0	0	0	0	0	0	0
213.453934	1539	77251	75713	0	36.182587	0.000000	22.468927	0.000000	1.000000e+00	0.000000e+00	0.000000e+00	0.000000e+00	597	597	1	1	1	4706	2	14704	1539	0	0	0	0	0	0	0	0	0	0
214.454193	1573	78838	77266	0	36.596947	0.000000	24.179571	0.000000	1.000000e+00	0.000000e+00	0.000000e+00	0.000000e+00	615	615	1	1	1	4799	2	15000	1573	0	0	0	0	0	0	0	0	0	0
215.454544	1536	80306	78771	0	36.821613	0.000000	24.709061	0.000000	1.000000e+00	0.000000e+00	0.000000e+00	0.000000e+00	611	611	1	1	1	4879	2	15289	1536	0	0	0	0	0	0	0	0	0	0
216.454590	1360	81622	80263	0	37.125000	0.000000	24.322611	0.000000	1.000000e+00	0.000000e+00	0.000000e+00	0.000000e+00	580	580	1	1	1	4945	2	15558	1360	0	0	0	0	0	0	0	0	0	0
217.455109	1346	82930	81585	0	37.533432	0.000000	23.933882	0.000000	1.000000e+00	0.000000e+00	0.000000e+00	0.000000e+00	545	545	1	1	1	5004	2	15792	1346	0	0	0	0	0	0	0	0	0	0
218.455566	1363	84222	82860	0	37.766689	0.000000	22.560389	0.000000	1.000000e+00	0.000000e+00	0.000000e+00	0.000000e+00	521	521	1	1	1	5067	2	16038	1363	0	0	0	0	0	0	0	0	0	0
219.455658	1450	85640	84191	0	38.077240	0.000000	22.436796	0.000000	1.000000e+00	0.000000e+00	0.000000e+00	0.000000e+00	546	546	1	1	1	5167	2	16313	1450	0	0	0	0	0	0	0	0	0	0
220.455933	1462	87113	85652	0	38.551983	0.000000	23.124182	0.000000	1.000000e+00	0.000000e+00	0.000000e+00	0.000000e+00	561	561	1	1	1	5246	2	16573	1462	0	0	0	0	0	0	0	0	0	0
221.456116	1447	88575	87129	0	38.723564	0.000000	22.289854	0.000000	1.000000e+00	0.000000e+00	0.000000e+00	0.000000e+00	560	560	1	1	1	5325	2	16838	1447	0	0	0	0	0	0	0	0	0	0
222.456192	1454	90019	88566	0	38.744843	0.000000	20.876427	0.000000	1.000000e+00	0.000000e+00	0.000000e+00	0.000000e+00	568	568	1	1	1	5404	2	17135	1454	0	0	0	0	0	0	0	0	0	0
223.456451	1525	91516	89992	0	38.879345	0.000000	20.158560	0.000000	1.000000e+00	0.000000e+00	0.000000e+00	0.000000e+00	588	588	1	1	1	5513	2	17411	1525	0	0	0	0	0	0	0	0	0	0
224.457199	1573	93096	91524	0	39.076286	0.000000	20.158184	0.000000	1.000000e+00	0.000000e+00	0.000000e+00	0.000000e+00	623	623	1	1	1	5627	2	17716	1573	0	0	0	0	0	0	0	0	0	0
225.457489	1608	94648	93041	0	39.252487	0.000000	19.561867	0.000000	1.000000e+00	0.000000e+00	0.000000e+00	0.000000e+00	600	600	1	1	1	5693	2	17996	1608	0	0	0	0	0	0	0	0	0	0
226.457611	1599	96245	94647	0	39.464664	0.000000	20.656513	0.000000	1.000000e+00	0.000000e+00	0.000000e+00	0.000000e+00	611	611	1	1	1	5808	2	18297	1599	0	0	0	0	0	0	0	0	0	0
227.458023	1622	97862	96241	0	39.654747	0.000000	19.718033	0.000000	1.000000e+00	0.000000e+00	0.000000e+00	0.000000e+00	619	619	1	1	1	5890	2	18623	1622	0	0	0	0	0	0	0	0	0	0
228.458099	1633	99447	97815	0	40.041641	0.000000	21.155647	0.000000	1.000000e+00	0.000000e+00	0.000000e+00	0.000000e+00	639	639	1	1	1	5990	2	18920	1633	0	0	0	0	0	0	0	0	0	0
229.458191	1660	101114	99455	0	39.986748	0.000000	20.358870	0.000000	1.000000e+00	0.000000e+00	0.000000e+00	0.000000e+00	639	639	1	1	1	6080	2	19247	1660	0	0	0	0	0	0	0	0	0	0
230.458328	1715	102836	101122	0	39.967930	0.000000	19.403639	0.000000	1.000000e+00	0.000000e+00	0.000000e+00	0.000000e+00	668	668	1	1	1	6201	2	19588	1715	0	0	0	0	0	0	0	0	0	0
231.458359	1732	104506	102775	0	40.324482	0.000000	19.305796	0.000000	1.000000e+00	0.000000e+00	0.000000e+00	0.000000e+00	678	678	1	1	1	6290	2	19915	1732	0	0	0	0	0	0	0	0	0	0
232.458374	1782	106310	104529	0	40.541527	0.000000	19.734247	0.000000	1.000000e+00	0.000000e+00	0.000000e+00	0.000000e+00	709	709	1	1	1	6410	2	20258	1782	0	0	0	0	0	0	0	0	0	0
233.458405	1886	108247	106362	0	40.615589	0.000000	20.089220	0.000000	1.000000e+00	0.000000e+00	0.000000e+00	0.000000e+00	732	732	1	1	1	6550	2	20627	1886	0	0	0	0	0	0	0	0	0	0
234.458496	2063	110269	108207	0	40.933105	0.000000	19.649439	0.000000	1.000000e+00	0.000000e+00	0.000000e+00	0.000000e+00	787	787	1	1	1	6708	2	21012	2063	0	0	0	0	0	0	0	0	0	0
235.458633	2154	112361	110208	0	41.376045	0.000000	19.174290	0.000000	1.000000e+00	0.000000e+00	0.000000e+00	0.000000e+00	843	843	1	1	1	6869	2	21412	2154	0	0	0	0	0	0	0	0	0	0
236.458694	2280	114657	112378	0	41.615791	0.000000	19.277855	0.000000	1.000000e+00	0.000000e+00	0.000000e+00	0.000000e+00	879	879	1	1	1	7029	2	21869	2280	0	0	0	0	0	0	0	0	0	0
237.459290	2441	117020	114580	0	41.681278	0.000000	19.052855	0.000000	1.000000e+00	0.000000e+00	0.000000e+00	0.000000e+00	918	918	1	1	1	7176	2	22316	2441	0	0	0	0	0	0	0	0	0	0
238.460449	2433	119485	117053	0	41.737774	0.000000	18.570765	0.000000	1.000000e+00	0.000000e+00	0.000000e+00	0.000000e+00	905	905	1	1	1	7276	2	22755	2433	0	0	0	0	0	0	0	0	0	0
239.460602	2544	121970	119427	0	42.157234	0.000000	19.652967	0.000000	1.000000e+00	0.000000e+00	0.000000e+00	0.000000e+00	958	958	1	1	1	7436	2	23226	2544	0	0	0	0	0	0	0	0	0	0
240.460709	2619	124528	121910	0	42.444828	0.000000	20.236273	0.000000	1.000000e+00	0.000000e+00	0.000000e+00	0.000000e+00	965	965	1	1	1	7549	2	23702	2619	0	0	0	0	0	0	0	0	0	0
241.461182	2655	127154	124500	0	42.665535	0.000000	19.991333	0.000000	1.000000e+00	0.000000e+00	0.000000e+00	0.000000e+00	1001	1001	1	1	1	7720	2	24210	2655	0	0	0	0	0	0	0	0	0	0
242.461548	2676	129808	127133	0	42.754856	0.000000	19.168594	0.000000	1.000000e+00	0.000000e+00	0.000000e+00	0.000000e+00	1020	1020	1	1	1	7887	2	24700	2676	0	0	0	0	0	0	0	0	0	0
243.461990	2709	132525	129817	0	42.851604	0.000000	19.030149	0.000000	1.000000e+00	0.000000e+00	0.000000e+00	0.000000e+00	1045	1045	1	1	1	8072	2	25242	2709	0	0	0	0	0	0	0	0	0	0
244.462418	2827	135372	132546	0	43.047752	0.000000	19.506365	0.000000	1.000000e+00	0.000000e+00	0.000000e+00	0.000000e+00	1084	1084	1	1	1	8280	2	25812	2827	0	0	0	0	0	0	0	0	0	0
245.462753	2833	138198	135366	0	43.326157	0.000000	19.509464	0.000000	1.000000e+00	0.000000e+00	0.000000e+00	0.000000e+00	1089	1089	1	1	1	8451	2	26347	2833	0	0	0	0	0	0	0	0	0	0
246.462891	2952	141147	138196	0	43.328251	0.000000	20.040318	0.000000	1.000000e+00	0.000000e+00	0.000000e+00	0.000000e+00	1100	1100	1	1	1	8628	2	26916	2952	0	0	0	0	0	0	0	0	0	0
247.463211	2831	143986	141156	0	43.262806	0.000000	20.028395	0.000000	1.000000e+00	0.000000e+00	0.000000e+00	0.000000e+00	1093	1093	1	1	1	8770	2	27454	2831	0	0	0	0	0	0	0	0	0	0
248.463226	2881	146820	143940	0	43.378689	0.000000	19.801359	0.000000	1.000000e+00	0.000000e+00	0.000000e+00	0.000000e+00	1111	1111	1	1	1	8950	2	27992	2881	0	0	0	0	0	0	0	0	0	0
249.463303	2889	149693	146805	0	43.547249	0.000000	20.599432	0.000000	1.000000e+00	0.000000e+00	0.000000e+00	0.000000e+00	1084	1084	1	1	1	9102	2	28529	2889	0	0	0	0	0	0	0	0	0	0
250.463364	2905	152573	149669	0	43.784508	0.000000	20.363981	0.000000	1.000000e+00	0.000000e+00	0.000000e+00	0.000000e+00	1088	1088	1	1	1	9296	2	29082	2905	0	0	0	0	0	0	0	0	0	0
251.464264	2901	155487	152587	0	44.051704	0.000000	20.950792	0.000000	1.000000e+00	0.000000e+00	0.000000e+00	0.000000e+00	1084	1084	1	1	1	9442	2	29619	2901	0	0	0	0	0	0	0	0	0	0
252.464325	2891	158372	155482	0	44.412659	0.000000	21.743540	0.000000	1.000000e+00	0.000000e+00	0.000000e+00	0.000000e+00	1106	1106	1	1	1	9603	2	30175	2891	0	0	0	0	0	0	0	0	0	0
253.464447	2952	161303	158352	0	44.741531	0.000000	22.152325	0.000000	1.000000e+00	0.000000e+00	0.000000e+00	0.000000e+00	1150	1150	1	1	1	9833	2	30785	2952	0	0	0	0	0	0	0	0	0	0
254.464462	2958	164182	161225	0	45.022312	0.000000	23.537039	0.000000	1.000000e+00	0.000000e+00	0.000000e+00	0.000000e+00	1152	1152	1	1	1	9973	2	31323	2958	0	0	0	0	0	0	0	0	0	0
255.464630	2915	167060	164146	0	45.109432	0.000000	23.012018	0.000000	1.000000e+00	0.000000e+00	0.000000e+00	0.000000e+00	1146	1146	1	1	1	10158	2	31877	2915	0	0	0	0	0	0	0	0	0	0
256.464661	3042	170108	167067	0	45.483562	0.000000	22.871048	0.000000	1.000000e+00	0.000000e+00	0.000000e+00	0.000000e+00	1212	1212	1	1	1	10397	2	32484	3042	0	0	0	0	0	0	0	0	0	0
257.464813	3068	173170	170103	0	45.735008	0.000000	22.744976	0.000000	1.000000e+00	0.000000e+00	0.000000e+00	0.000000e+00	1222	1222	1	1	1	10564	2	33061	3068	0	0	0	0	0	0	0	0	0	0
258.464844	3083	176290	173208	0	45.986378	0.000000	24.395510	0.000000	1.000000e+00	0.000000e+00	0.000000e+00	0.000000e+00	1176	1176	1	1	1	10707	2	33627	3083	0	0	0	0	0	0	0	0	0	0
259.464844	3288	179615	176328	0	46.199512	0.000000	24.503935	0.000000	1.000000e+00	0.000000e+00	0.000000e+00	0.000000e+00	1239	1239	1	1	1	10950	2	34269	3288	0	0	0	0	0	0	0	0	0	0
260.464996	3250	182879	179630	0	46.354771	0.000000	24.910156	0.000000	1.000000e+00	0.000000e+00	0.000000e+00	0.000000e+00	1246	1246	1	1	1	11129	2	34866	3250	0	0	0	0	0	0	0	0	0	0
261.465027	3232	186109	182878	0	46.608910	0.000000	26.163826	0.000000	1.000000e+00	0.000000e+00	0.000000e+00	0.000000e+00	1249	1249	1	1	1	11308	2	35483	3232	0	0	0	0	0	0	0	0	0	0
262.465088	3309	189413	186105	0	46.770325	0.000000	26.164299	0.000000	1.000000e+00	0.000000e+00	0.000000e+00	0.000000e+00	1302	1302	1	1	1	11539	2	36136	3309	0	0	0	0	0	0	0	0	0	0
263.465515	3289	192602	189314	0	46.995136	0.000000	26.377598	0.000000	1.000000e+00	0.000000e+00	0.000000e+00	0.000000e+00	1289	1289	1	1	1	11690	2	36736	3289	0	0	0	0	0	0	0	0	0	0
264.465576	3388	196011	192624	0	47.402596	0.000000	27.212759	0.000000	1.000000e+00	0.000000e+00	0.000000e+00	0.000000e+00	1312	1312	1	1	1	11903	2	37391	3388	0	0	0	0	0	0	0	0	0	0
265.465668	3513	199473	195961	0	47.461143	0.000000	27.141703	0.000000	1.000000e+00	0.000000e+00	0.000000e+00	0.000000e+00	1342	1342	1	1	1	12115	2	38030	3513	0	0	0	0	0	0	0	0	0	0
266.465942	3674	203057	199384	0	47.680183	0.000000	26.305681	0.000000	1.000000e+00	0.000000e+00	0.000000e+00	0.000000e+00	1352	1352	1	1	1	12326	2	38714	3674	0	0	0	0	0	0	0	0	0	0
267.466339	3736	206698	202963	0	47.986618	0.000000	27.509394	0.000000	1.000000e+00	0.000000e+00	0.000000e+00	0.000000e+00	1365	1365	1	1	1	12532	2	39391	3736	0	0	0	0	0	0	0	0	0	0
268.466431	3883	210552	206670	0	48.198559	0.000000	27.444725	0.000000	1.000000e+00	0.000000e+00	0.000000e+00	0.000000e+00	1451	1451	1	1	1	12793	2	40148	3883	0	0	0	0	0	0	0	0	0	0
269.466553	3973	214477	210505	0	48.173923	0.000000	26.056021	0.000000	1.000000e+00	0.000000e+00	0.000000e+00	0.000000e+00	1463	1463	1	1	1	12990	2	40867	3973	0	0	0	0	0	0	0	0	0	0
270.466827	3906	218399	214494	0	48.571430	0.000000	27.663271	0.000000	1.000000e+00	0.000000e+00	0.000000e+00	0.000000e+00	1456	1456	1	1	1	13200	2	41602	3906	0	0	0	0	0	0	0	0	0	0
271.466827	3944	222345	218402	0	48.666836	0.000000	27.867691	0.000000	1.000000e+00	0.000000e+00	0.000000e+00	0.000000e+00	1478	1478	1	1	1	13414	2	42336	3944	0	0	0	0	0	0	0	0	0	0
272.467133	3972	226316	222345	0	48.896023	0.000000	29.633953	0.000000	1.000000e+00	0.000000e+00	0.000000e+00	0.000000e+00	1502	1502	1	1	1	13659	2	43110	3972	0	0	0	0	0	0	0	0	0	0
273.467224	3836	230084	226249	0	49.014339	0.000000	29.595930	0.000000	1.000000e+00	0.000000e+00	0.000000e+00	0.000000e+00	1489	1489	1	1	1	13889	2	43895	3836	0	0	0	0	0	0	0	0	0	0
274.467316	3928	233904	229977	0	49.047607	0.000000	29.149210	0.000000	1.000000e+00	0.000000e+00	0.000000e+00	0.000000e+00	1493	1493	1	1	1	14090	3	44634	3928	0	0	0	0	0	0	0	0	0	0
275.467377	4068	237881	233814	0	49.130775	0.000492	28.628428	0.000491	1.000060e+00	0.000000e+00	7.345813e-06	0.000000e+00	1559	1559	2	1	1	14365	3	45423	4066	2	0	0	0	0	0	0	0	0	0
276.467407	4098	242051	237954	0	49.670570	0.000000	29.935547	0.000000	1.000000e+00	0.000000e+00	0.000000e+00	0.000000e+00	1620	1620	1	1	1	14661	3	46237	4098	0	0	0	0	0	0	0	0	0	0
277.467468	4267	246408	242142	0	49.756737	0.000000	30.199533	0.000000	1.000000e+00	0.000000e+00	0.000000e+00	0.000000e+00	1601	1601	1	1	1	14903	3	47082	4267	0	0	0	0	0	0	0	0	0	0
278.467499	4394	250829	246436	0	49.795856	0.000000	31.994143	0.000000	1.000000e+00	0.000000e+00	0.000000e+00	0.000000e+00	1642	1642	1	1	1	15158	3	47893	4394	0	0	0	0	0	0	0	0	0	0
279.467529	4398	255095	250698	0	50.020237	0.000000	31.872471	0.000000	1.000000e+00	0.000000e+00	0.000000e+00	0.000000e+00	1669	1669	1	1	1	15407	3	48703	4398	0	0	0	0	0	0	0	0	0	0
280.467529	4538	259538	255001	0	50.270382	0.000000	31.997696	0.000000	1.000000e+00	0.000000e+00	0.000000e+00	0.000000e+00	1708	1708	1	1	1	15696	3	49544	4538	0	0	0	0	0	0	0	0	0	0
281.467560	4782	264319	259538	0	50.376411	0.000000	31.890497	0.000000	1.000000e+00	0.000000e+00	0.000000e+00	0.000000e+00	1758	1758	1	1	1	15998	3	50425	4782	0	0	0	0	0	0	0	0	0	0
282.467621	4786	268965	264180	0	50.546803	0.000000	32.279186	0.000000	1.000000e+00	0.000000e+00	0.000000e+00	0.000000e+00	1788	1788	1	1	1	16239	3	51320	4786	0	0	0	0	0	0	0	0	0	0
283.467773	4839	273734	268896	0	50.704277	0.000000	32.778175	0.000000	1.000000e+00	0.000000e+00	0.000000e+00	0.000000e+00	1799	1799	1	1	1	16495	3	52205	4839	0	0	0	0	0	0	0	0	0	0
284.467773	4822	278487	273666	0	51.001659	0.000000	32.952694	0.000000	1.000000e+00	0.000000e+00	0.000000e+00	0.000000e+00	1845	1845	1	1	1	16782	3	53086	4822	0	0	0	0	0	0	0	0	0	0
285.467896	5086	283578	278493	0	51.306526	0.000000	32.566799	0.000000	1.000000e+00	0.000000e+00	0.000000e+00	0.000000e+00	1954	1954	1	1	1	17178	3	54115	5086	0	0	0	0	0	0	0	0	0	0
286.468170	5007	288594	283588	0	51.367485	0.000000	32.417133	0.000000	1.000000e+00	0.000000e+00	0.000000e+00	0.000000e+00	1915	1915	1	1	1	17423	3	55062	5007	0	0	0	0	0	0	0	0	0	0
287.468231	5128	293684	288557	0	51.439548	0.000000	32.905472	0.000000	1.000000e+00	0.000000e+00	0.000000e+00	0.000000e+00	1917	1917	1	1	1	17709	3	55993	5128	0	0	0	0	0	0	0	0	0	0
288.468292	5203	298866	293664	0	51.532387	0.000000	33.633865	0.000000	1.000000e+00	0.000000e+00	0.000000e+00	0.000000e+00	1924	1924	1	1	1	18007	3	56982	5203	0	0	0	0	0	0	0	0	0	0
289.468323	5332	304086	298755	0	51.757313	0.000000	34.588566	0.000000	1.000000e+00	0.000000e+00	0.000000e+00	0.000000e+00	1984	1984	1	1	1	18346	3	57968	5332	0	0	0	0	0	0	0	0	0	0
290.468445	5402	309426	304025	0	51.925026	0.000000	34.135689	0.000000	1.000000e+00	0.000000e+00	0.000000e+00	0.000000e+00	2010	2010	1	1	1	18644	3	58983	5402	0	0	0	0	0	0	0	0	0	0
291.468475	5661	314910	309250	0	52.213741	0.000000	34.164135	0.000000	1.000000e+00	0.000000e+00	0.000000e+00	0.000000e+00	2120	2120	1	1	1	19020	3	60026	5661	0	0	0	0	0	0	0	0	0	0
292.468689	5665	320520	314856	0	52.166462	0.000000	33.662460	0.000000	1.000000e+00	0.000000e+00	0.000000e+00	0.000000e+00	2160	2160	1	1	1	19341	3	61121	5665	0	0	0	0	0	0	0	0	0	0
293.468719	5798	326272	320475	0	52.198174	0.000000	33.562119	0.000000	1.000000e+00	0.000000e+00	0.000000e+00	0.000000e+00	2250	2250	1	1	1	19739	3	62273	5798	0	0	0	0	0	0	0	0	0	0
294.468719	5989	332161	326173	0	52.397060	0.000334	33.690769	0.000334	1.000004e+00	0.000000e+00	4.391947e-08	0.000000e+00	2353	2353	2	1	1	20165	3	63479	5987	2	0	0	0	0	0	0	0	0	0
295.468750	6152	338210	332059	0	52.621262	0.000488	32.945004	0.000487	1.000039e+00	0.000000e+00	4.376770e-06	0.000000e+00	2400	2400	4	1	1	20557	5	64677	6149	3	0	0	0	0	0	0	0	0	0
296.468842	6410	344600	338191	0	52.931358	0.000156	33.128792	0.000156	1.000022e+00	0.000000e+00	3.011702e-06	0.000000e+00	2396	2396	2	1	1	20883	5	65849	6409	1	0	0	0	0	0	0	0	0	0
297.469025	6497	351099	344603	0	53.021549	0.000308	31.809061	0.000308	1.000043e+00	0.000000e+00	5.941665e-06	0.000000e+00	2488	2488	2	1	1	21329	5	67136	6495	2	0	0	0	0	0	0	0	0	0
298.469055	6659	357626	350968	0	53.176903	0.000751	32.515663	0.000750	1.000104e+00	0.000000e+00	1.448682e-05	0.000000e+00	2558	2558	2	1	1	21724	5	68346	6654	5	0	0	0	0	0	0	0	0	0
299.469147	7002	364532	357531	0	53.342903	0.000857	33.169136	0.000856	1.000119e+00	0.000000e+00	1.653100e-05	0.000000e+00	2628	2628	2	1	1	22148	5	69626	6996	6	0	0	0	0	0	0	0	0	0
300.469147	7118	371547	364430	0	53.430035	0.000421	33.724842	0.000421	1.000059e+00	0.000000e+00	8.134349e-06	0.000000e+00	2697	2697	2	1	1	22555	5	70957	7115	3	0	0	0	0	0	0	0	0	0
301.469238	7149	378592	371444	0	53.643867	0.001119	33.391418	0.001118	1.000155e+00	0.000000e+00	2.158202e-05	0.000000e+00	2761	2761	2	1	1	22993	5	72341	7141	8	0	0	0	0	0	0	0	0	0
302.469269	7051	385453	378403	0	53.643879	0.001276	34.115784	0.001275	1.000177e+00	0.000000e+00	2.461328e-05	0.000000e+00	2766	2766	2	1	1	23382	5	73616	7042	9	0	0	0	0	0	0	0	0	0
303.469360	7271	392732	385462	0	53.788200	0.001100	34.404652	0.001099	1.000153e+00	0.000000e+00	2.122090e-05	0.000000e+00	2782	2782	2	1	1	23805	5	75011	7263	8	0	0	0	0	0	0	0	0	0
304.469360	7317	400108	392792	0	54.184639	0.001093	35.020557	0.001092	1.000152e+00	0.000000e+00	2.108828e-05	0.000000e+00	2790	2790	2	1	1	24192	5	76381	7309	8	0	0	0	0	0	0	0	0	0
305.469452	7359	407310	399952	0	54.397472	0.000544	34.430031	0.000543	1.000044e+00	0.000000e+00	5.372080e-06	0.000000e+00	2872	2872	3	1	1	24677	5	77764	7355	4	0	0	0	0	0	0	0	0	0
306.469452	7304	414479	407176	0	54.718922	0.001643	35.348129	0.001640	1.000084e+00	0.000000e+00	8.495552e-06	0.000000e+00	2841	2841	3	1	1	25063	5	79118	7292	12	0	0	0	0	0	0	0	0	0
307.469482	7387	421868	414482	0	55.155003	0.002031	36.732555	0.002026	1.000107e+00	0.000000e+00	1.113484e-05	0.000000e+00	2929	2929	3	1	1	25560	5	80586	7372	15	0	0	0	0	0	0	0	0	0
308.469513	7500	429193	421694	0	55.276932	0.001733	37.051403	0.001730	1.000069e+00	0.000000e+00	5.824757e-06	0.000000e+00	2978	2978	3	1	1	26038	5	82052	7487	13	0	0	0	0	0	0	0	0	0
309.469635	7438	436598	429161	0	55.518955	0.001882	38.722450	0.001879	1.000104e+00	0.000000e+00	1.099623e-05	0.000000e+00	2924	2924	3	1	1	26430	5	83454	7424	14	0	0	0	0	0	0	0	0	0
310.469666	7824	444352	436529	0	55.559433	0.001406	37.431156	0.001404	1.000060e+00	0.000000e+00	5.465909e-06	0.000000e+00	2996	2996	3	1	1	26893	5	84949	7813	11	0	0	0	0	0	0	0	0	0
311.469666	8019	452304	444286	0	55.636364	0.001122	36.389355	0.001121	1.000024e+00	0.000000e+00	5.203055e-07	0.000000e+00	3003	3003	2	1	1	27336	5	86396	8010	9	0	0	0	0	0	0	0	0	0
312.469696	7988	460158	452171	0	55.717575	0.000751	36.208946	0.000751	1.000016e+00	0.000000e+00	3.483332e-07	0.000000e+00	3023	3023	2	1	1	27748	5	87831	7982	6	0	0	0	0	0	0	0	0	0
313.469849	8014	468152	460139	0	55.984653	0.000624	35.877384	0.000624	1.000013e+00	0.000000e+00	2.893900e-07	0.000000e+00	3076	3076	2	1	1	28277	5	89368	8009	5	0	0	0	0	0	0	0	0	0
314.469879	8096	476228	468133	0	56.193058	0.000865	37.351597	0.000864	1.000019e+00	0.000000e+00	4.009078e-07	0.000000e+00	3173	3173	2	1	1	28814	5	90947	8089	7	0	0	0	0	0	0	0	0	0
315.469910	8339	484505	476167	0	56.219452	0.001439	37.023731	0.001437	1.000106e+00	0.000000e+00	1.967462e-05	0.000000e+00	3186	3186	3	1	1	29294	5	92480	8327	12	0	0	0	0	0	0	0	0	0
316.469940	8423	492840	484418	0	56.440105	0.000831	37.216396	0.000830	1.000092e+00	0.000000e+00	1.920583e-05	0.000000e+00	3265	3265	3	1	1	29832	5	94128	8416	7	0	0	0	0	0	0	0	0	0
317.470032	8785	501489	492705	0	56.466705	0.000228	36.104218	0.000228	1.000053e+00	0.000000e+00	1.213758e-05	0.000000e+00	3363	3363	2	1	1	30378	5	95802	8783	2	0	0	0	0	0	0	0	0	0
318.470032	8979	510413	501435	0	56.789619	0.000000	35.598057	0.000000	1.000000e+00	0.000000e+00	0.000000e+00	0.000000e+00	3451	3451	1	1	1	30898	5	97540	8979	0	0	0	0	0	0	0	0	0	0
319.470154	9171	519449	510279	0	57.073818	0.000000	36.504093	0.000000	1.000000e+00	0.000000e+00	0.000000e+00	0.000000e+00	3552	3552	1	1	1	31472	5	99269	9171	0	0	0	0	0	0	0	0	0	0
320.470337	9346	528725	519380	0	57.263214	0.000000	37.817627	0.000000	1.000000e+00	0.000000e+00	0.000000e+00	0.000000e+00	3573	3573	1	1	1	31994	5	100979	9346	0	0	0	0	0	0	0	0	0	0
321.470367	9646	538253	528608	0	57.408150	0.000104	37.441723	0.000104	1.000007e+00	0.000000e+00	5.131429e-07	0.000000e+00	3708	3708	2	1	1	32613	6	102845	9645	1	0	0	0	0	0	0	0	0	0
322.470428	9691	547951	538261	0	57.656075	0.000000	37.540253	0.000000	1.000000e+00	0.000000e+00	0.000000e+00	0.000000e+00	3723	3723	1	1	1	33132	6	104704	9691	0	0	0	0	0	0	0	0	0	0
323.470520	9735	557568	547834	0	57.771957	0.000000	37.393764	0.000000	1.000000e+00	0.000000e+00	0.000000e+00	0.000000e+00	3800	3800	1	1	1	33770	6	106630	9735	0	0	0	0	0	0	0	0	0	0
324.470581	9974	567408	557435	0	57.988571	0.000000	36.295971	0.000000	1.000000e+00	0.000000e+00	0.000000e+00	0.000000e+00	3822	3822	1	1	1	34332	6	108500	9974	0	0	0	0	0	0	0	0	0	0
325.470581	10142	577493	567352	0	58.232204	0.000000	37.123966	0.000000	1.000000e+00	0.000000e+00	0.000000e+00	0.000000e+00	3830	3830	1	1	1	34885	6	110387	10142	0	0	0	0	0	0	0	0	0	0
326.470612	10300	587620	577321	0	58.510387	0.000000	37.634674	0.000000	1.000000e+00	0.000000e+00	0.000000e+00	0.000000e+00	3959	3959	1	1	1	35550	6	112316	10300	0	0	0	0	0	0	0	0	0	0
327.470673	10764	598298	587535	0	58.730675	0.000000	38.588379	0.000000	1.000000e+00	0.000000e+00	0.000000e+00	0.000000e+00	4073	4073	1	1	1	36216	6	114381	10764	0	0	0	0	0	0	0	0	0	0
328.470703	11041	609275	598235	0	58.926273	0.000000	38.108902	0.000000	1.000000e+00	0.000000e+00	0.000000e+00	0.000000e+00	4277	4277	1	1	1	36961	6	116547	11041	0	0	0	0	0	0	0	0	0	0
329.470764	11221	620430	609210	0	59.263435	0.000089	38.339630	0.000089	1.000003e+00	0.000000e+00	8.837222e-08	0.000000e+00	4366	4366	2	1	1	37623	6	118676	11220	1	0	0	0	0	0	0	0	0	0
330.470764	11471	631733	620263	0	59.514515	0.000087	39.345814	0.000087	1.000003e+00	0.000000e+00	8.644569e-08	0.000000e+00	4491	4491	2	1	1	38394	6	120931	11470	1	0	0	0	0	0	0	0	0	0
331.470764	11451	643029	631579	0	59.772072	0.000175	39.771420	0.000175	1.000006e+00	0.000000e+00	1.731783e-07	0.000000e+00	4476	4476	2	1	1	39013	6	123088	11449	2	0	0	0	0	0	0	0	0	0
332.470825	11811	654817	643007	0	59.905342	0.000000	40.381557	0.000000	1.000000e+00	0.000000e+00	0.000000e+00	0.000000e+00	4546	4546	1	1	1	39743	6	125351	11811	0	0	0	0	0	0	0	0	0	0
333.470856	11950	666629	654680	0	60.030964	0.000000	39.759956	0.000000	1.000000e+00	0.000000e+00	0.000000e+00	0.000000e+00	4613	4613	1	1	1	40420	6	127584	11950	0	0	0	0	0	0	0	0	0	0
334.471069	11967	678407	666441	0	60.256790	0.000000	40.010727	0.000000	1.000000e+00	0.000000e+00	0.000000e+00	0.000000e+00	4656	4656	1	1	1	41130	6	129815	11967	0	0	0	0	0	0	0	0	0	0
335.471283	12209	690534	678326	0	60.595871	0.000000	41.431728	0.000000	1.000000e+00	0.000000e+00	0.000000e+00	0.000000e+00	4581	4581	1	1	1	41741	6	132006	12209	0	0	0	0	0	0	0	0	0	0
336.471283	12411	702917	690507	0	60.774151	0.000081	40.310127	0.000081	1.000001e+00	0.000000e+00	1.460483e-08	0.000000e+00	4660	4660	2	1	1	42495	6	134340	12410	1	0	0	0	0	0	0	0	0	0
337.471283	12813	715580	702768	0	60.939514	0.000000	40.731510	0.000000	1.000000e+00	0.000000e+00	0.000000e+00	0.000000e+00	4916	4916	1	1	1	43437	6	136875	12813	0	0	0	0	0	0	0	0	0	0
338.471313	12849	728265	715417	0	61.139465	0.000000	40.885746	0.000000	1.000000e+00	0.000000e+00	0.000000e+00	0.000000e+00	4952	4952	1	1	1	44165	6	139311	12849	0	0	0	0	0	0	0	0	0	0
339.471436	13152	741305	728154	0	61.278133	0.000000	40.118179	0.000000	1.000000e+00	0.000000e+00	0.000000e+00	0.000000e+00	4978	4978	1	1	1	44896	6	141791	13152	0	0	0	0	0	0	0	0	0	0
340.471497	13221	754317	741097	0	61.406700	0.000000	40.406769	0.000000	1.000000e+00	0.000000e+00	0.000000e+00	0.000000e+00	5049	5049	1	1	1	45650	6	144217	13221	0	0	0	0	0	0	0	0	0	0
341.471558	13364	767665	754302	0	61.591740	0.000000	41.199200	0.000000	1.000000e+00	0.000000e+00	0.000000e+00	0.000000e+00	5063	5063	1	1	1	46425	6	146703	13364	0	0	0	0	0	0	0	0	0	0
342.471588	13632	781137	767506	0	61.792545	0.000147	40.826180	0.000147	1.000005e+00	0.000000e+00	1.493694e-07	0.000000e+00	5137	5137	2	1	1	47236	6	149233	13630	2	0	0	0	0	0	0	0	0	0
343.471619	14264	795334	781071	0	62.060360	0.000070	41.715744	0.000070	1.000002e+00	0.000000e+00	7.138087e-08	0.000000e+00	5383	5383	2	1	1	48174	6	151999	14263	1	0	0	0	0	0	0	0	0	0
344.471771	14356	809640	795285	0	62.149971	0.000070	42.149689	0.000070	1.000002e+00	0.000000e+00	7.092303e-08	0.000000e+00	5438	5438	2	1	1	48998	6	154748	14355	1	0	0	0	0	0	0	0	0	0
345.471802	14474	823975	809502	0	62.251278	0.000069	41.513611	0.000069	1.000002e+00	0.000000e+00	7.034450e-08	0.000000e+00	5447	5447	2	1	1	49792	6	157385	14473	1	0	0	0	0	0	0	0	0	0
346.471954	14688	838412	823725	0	62.348858	0.000136	41.873993	0.000136	1.000004e+00	0.000000e+00	1.386319e-07	0.000000e+00	5551	5551	2	1	1	50691	6	160173	14686	2	0	0	0	0	0	0	0	0	0
347.471954	15248	853378	838131	0	62.640083	0.000197	42.140343	0.000197	1.000006e+00	0.000000e+00	2.002969e-07	0.000000e+00	5764	5764	2	1	1	51640	6	163051	15245	3	0	0	0	0	0	0	0	0	0
348.471954	15676	869014	853339	0	62.821064	0.000447	41.364563	0.000446	1.000014e+00	0.000000e+00	4.544801e-07	0.000000e+00	5943	5943	2	1	1	52619	6	166001	15669	7	0	0	0	0	0	0	0	0	0
349.471954	16307	885173	868867	0	63.039001	0.000307	41.426655	0.000307	1.000010e+00	0.000000e+00	3.121089e-07	0.000000e+00	6125	6125	2	1	1	53609	6	169065	16302	5	0	0	0	0	0	0	0	0	0
350.471985	16435	901293	884859	0	63.084942	0.000304	41.941307	0.000304	1.000010e+00	0.000000e+00	3.096729e-07	0.000000e+00	6301	6301	2	1	1	54681	6	172223	16430	5	0	0	0	0	0	0	0	0	0
351.471985	16809	918000	901192	0	63.323338	0.001011	42.255390	0.001010	1.000032e+00	0.000000e+00	1.028804e-06	0.000000e+00	6286	6286	2	1	1	55557	6	175370	16792	17	0	0	0	0	0	0	0	0	0
352.472015	17316	935157	917842	0	63.670422	0.001097	42.639038	0.001096	1.000035e+00	0.000000e+00	1.116098e-06	0.000000e+00	6512	6512	2	1	1	56681	6	178678	17297	19	0	0	0	0	0	0	0	0	0
353.472076	17845	952746	934902	0	63.937237	0.001961	43.181400	0.001957	1.000063e+00	0.000000e+00	1.993171e-06	0.000000e+00	6624	6624	2	1	1	57684	6	181924	17810	35	0	0	0	0	0	0	0	0	0
354.472107	18797	971364	952568	0	64.098793	0.001756	42.889210	0.001753	1.000056e+00	0.000000e+00	1.784579e-06	0.000000e+00	7017	7017	2	1	1	58930	6	185434	18764	33	0	0	0	0	0	0	0	0	0
355.472137	19648	990813	971166	0	64.338913	0.001781	43.763836	0.001778	1.000057e+00	0.000000e+00	1.810702e-06	0.000000e+00	7298	7298	2	1	1	60161	6	189118	19613	35	0	0	0	0	0	0	0	0	0
356.472168	19945	1010585	990641	0	64.570572	0.002006	43.751308	0.002001	1.000065e+00	0.000000e+00	2.140207e-06	0.000000e+00	7456	7456	3	1	1	61394	7	192947	19905	40	0	0	0	0	0	0	0	0	0
357.472198	20255	1030447	1010193	0	64.714882	0.002172	43.805153	0.002167	1.000072e+00	0.000000e+00	2.408434e-06	0.000000e+00	7655	7655	3	1	1	62590	7	196738	20211	44	0	0	0	0	0	0	0	0	0
358.472229	20547	1050778	1030232	0	64.936485	0.002141	44.183582	0.002137	1.000068e+00	0.000000e+00	2.175896e-06	0.000000e+00	7806	7806	2	1	1	63843	7	200630	20503	44	0	0	0	0	0	0	0	0	0
359.472260	20858	1071583	1050726	0	65.082268	0.002637	45.514259	0.002630	1.000091e+00	0.000000e+00	4.021999e-06	0.000000e+00	7846	7846	3	1	1	64994	7	204572	20803	55	0	0	0	0	0	0	0	0	0
360.472260	21534	1093025	1071492	0	65.234749	0.002786	45.995205	0.002778	1.000089e+00	0.000000e+00	2.829094e-06	0.000000e+00	8079	8079	2	1	1	66377	7	208687	21474	60	0	0	0	0	0	0	0	0	0
361.472260	22233	1115007	1092775	0	65.497635	0.002024	46.698402	0.002020	1.000065e+00	0.000000e+00	2.056647e-06	0.000000e+00	8315	8315	2	1	1	67737	7	212915	22188	45	0	0	0	0	0	0	0	0	0
362.472351	22959	1137623	1114665	0	65.685791	0.001481	46.578331	0.001479	1.000047e+00	0.000000e+00	1.506448e-06	0.000000e+00	8713	8713	3	1	1	69297	7	217340	22925	34	0	0	0	0	0	0	0	0	0
363.472443	23057	1160448	1137392	0	65.815331	0.000737	46.469433	0.000737	1.000024e+00	0.000000e+00	7.517046e-07	0.000000e+00	8741	8741	3	1	1	70527	7	221649	23040	17	0	0	0	0	0	0	0	0	0
364.472443	23588	1183765	1160178	0	65.941452	0.000382	47.314854	0.000381	1.000012e+00	0.000000e+00	3.905072e-07	0.000000e+00	8928	8928	3	1	1	71969	7	226088	23579	9	0	0	0	0	0	0	0	0	0
365.472443	24125	1207722	1183598	0	66.042900	0.000746	47.519424	0.000746	1.000024e+00	0.000000e+00	7.696852e-07	0.000000e+00	9182	9182	3	1	1	73461	7	230684	24107	18	0	0	0	0	0	0	0	0	0
366.472443	24639	1231981	1207343	0	66.183899	0.001258	47.948982	0.001257	1.000040e+00	0.000000e+00	1.265586e-06	0.000000e+00	9439	9439	4	1	1	75020	7	235377	24608	31	0	0	0	0	0	0	0	0	0
367.472473	25063	1256640	1231578	0	66.344650	0.001636	47.444206	0.001633	1.000051e+00	0.000000e+00	1.619246e-06	0.000000e+00	9577	9577	4	1	1	76477	7	240049	25022	41	0	0	0	0	0	0	0	0	0
368.472504	25454	1282079	1256626	0	66.571426	0.002043	47.965446	0.002039	1.000063e+00	0.000000e+00	1.977019e-06	0.000000e+00	9681	9681	4	1	1	77904	7	244818	25402	52	0	0	0	0	0	0	0	0	0
369.472504	26218	1308131	1281914	0	66.800484	0.001831	48.070229	0.001828	1.000057e+00	0.000000e+00	1.792994e-06	0.000000e+00	9924	9924	4	1	1	79446	7	249632	26170	48	0	0	0	0	0	0	0	0	0
370.472504	27385	1335322	1307938	0	67.003906	0.001826	48.198109	0.001823	1.000051e+00	0.000000e+00	1.522311e-06	0.000000e+00	10276	10276	4	1	1	81181	7	254772	27335	50	0	0	0	0	0	0	0	0	0
371.472504	27603	1362521	1334919	0	67.116653	0.002282	48.033825	0.002277	1.000063e+00	0.000000e+00	1.933784e-06	0.000000e+00	10591	10591	5	1	1	82932	8	260037	27540	63	0	0	0	0	0	0	0	0	0
372.472534	28109	1390231	1362123	0	67.277885	0.001708	47.707073	0.001705	1.000047e+00	0.000000e+00	1.358062e-06	0.000000e+00	10867	10867	4	1	1	84709	8	265421	28061	48	0	0	0	0	0	0	0	0	0
373.472565	28812	1418711	1389900	0	67.456337	0.002117	47.542267	0.002113	1.000064e+00	0.000000e+00	2.575185e-06	0.000000e+00	10986	10986	5	1	1	86400	8	270838	28751	61	0	0	0	0	0	0	0	0	0
374.472565	29638	1447782	1418145	0	67.732101	0.002227	48.279343	0.002222	1.000065e+00	0.000000e+00	2.526280e-06	0.000000e+00	11158	11158	5	1	1	88074	8	276291	29572	66	0	0	0	0	0	0	0	0	0
375.472565	30148	1477612	1447465	0	67.855446	0.001858	48.003246	0.001854	1.000050e+00	0.000000e+00	1.439813e-06	0.000000e+00	11350	11350	4	1	1	89791	8	281785	30092	56	0	0	0	0	0	0	0	0	0
376.472565	30896	1508176	1477281	0	68.058975	0.001974	47.671532	0.001970	1.000051e+00	0.000000e+00	1.428146e-06	0.000000e+00	11683	11683	4	1	1	91646	8	287616	30835	61	0	0	0	0	0	0	0	0	0
377.472565	31625	1539671	1508047	0	68.312439	0.002055	48.259373	0.002051	1.000054e+00	0.000000e+00	1.550272e-06	0.000000e+00	12110	12110	4	1	1	93752	8	293754	31560	65	0	0	0	0	0	0	0	0	0
378.472595	32667	1571758	1539092	0	68.493706	0.001745	48.611629	0.001742	1.000059e+00	0.000000e+00	3.180064e-06	0.000000e+00	12171	12171	5	1	1	95474	8	299633	32610	57	0	0	0	0	0	0	0	0	0
379.472595	33245	1604678	1571434	0	68.658447	0.002106	49.618950	0.002101	1.000083e+00	0.000000e+00	6.011014e-06	0.000000e+00	12562	12562	5	1	1	97568	8	305936	33175	70	0	0	0	0	0	0	0	0	0
380.472595	34101	1638271	1604171	0	68.829918	0.002170	49.819363	0.002165	1.000096e+00	0.000000e+00	8.295968e-06	0.000000e+00	12970	12970	5	1	1	99674	8	312471	34027	74	0	0	0	0	0	0	0	0	0
381.472595	35298	1673492	1638195	0	68.965073	0.002323	49.558029	0.002318	1.000078e+00	0.000000e+00	4.303165e-06	0.000000e+00	13270	13270	7	1	1	101773	10	319170	35216	82	0	0	0	0	0	0	0	0	0
382.472595	36266	1709336	1673071	0	69.194702	0.002233	49.815952	0.002229	1.000088e+00	0.000000e+00	6.883806e-06	0.000000e+00	13690	13690	8	1	1	104009	11	325993	36185	81	0	0	0	0	0	0	0	0	0
383.472595	37278	1746184	1708907	0	69.406403	0.002656	50.086430	0.002649	1.000125e+00	0.000000e+00	1.210994e-05	0.000000e+00	14054	14054	8	1	1	106361	11	332984	37179	99	0	0	0	0	0	0	0	0	0
384.472595	37844	1783677	1745834	0	69.605324	0.003039	49.889915	0.003029	1.000186e+00	0.000000e+00	2.266262e-05	0.000000e+00	14362	14362	9	1	1	108616	12	340082	37729	115	0	0	0	0	0	0	0	0	0
385.472595	38741	1821616	1782876	0	69.782372	0.004053	50.163395	0.004036	1.000350e+00	0.000000e+00	5.181002e-05	0.000000e+00	14611	14611	7	1	1	110848	12	347194	38584	157	0	0	0	0	0	0	0	0	0
386.472656	39244	1860441	1821198	0	70.049896	0.004154	51.357426	0.004136	1.000415e+00	0.000000e+00	6.491118e-05	0.000000e+00	14981	14981	7	1	1	113274	12	354732	39081	163	0	0	0	0	0	0	0	0	0
387.472656	39975	1899862	1859888	0	70.127129	0.004778	51.533905	0.004754	1.000568e+00	0.000000e+00	9.595836e-05	0.000000e+00	15224	15224	7	1	1	115660	12	362313	39784	191	0	0	0	0	0	0	0	0	0
388.472687	40753	1940048	1899296	0	70.315880	0.005325	51.680828	0.005297	1.000689e+00	0.000000e+00	1.180706e-04	0.000000e+00	15542	15542	8	1	1	118067	12	369995	40536	217	0	0	0	0	0	0	0	0	0
389.472687	41594	1981154	1939561	0	70.483360	0.007309	51.592098	0.007257	1.000998e+00	0.000000e+00	1.732442e-04	0.000000e+00	15847	15847	7	1	1	120495	12	377776	41290	304	0	0	0	0	0	0	0	0	0
390.472717	42622	2023314	1980693	0	70.672356	0.007391	52.544064	0.007337	1.001029e+00	0.000000e+00	1.818294e-04	0.000000e+00	16141	16141	7	1	1	123000	12	385730	42307	315	0	0	0	0	0	0	0	0	0
391.472717	43416	2066535	2023120	0	70.917862	0.008799	52.158367	0.008723	1.001192e+00	0.000000e+00	2.064549e-04	0.000000e+00	16472	16472	7	1	1	125590	12	393932	43034	382	0	0	0	0	0	0	0	0	0
392.472717	44434	2110428	2065995	0	71.097809	0.010262	52.854080	0.010155	1.001524e+00	0.000000e+00	2.725247e-04	0.000000e+00	16899	16899	7	1	1	128316	12	402348	43978	456	0	0	0	0	0	0	0	0	0
393.472748	45573	2155710	2110138	0	71.320084	0.013539	53.393902	0.013355	1.002069e+00	0.000000e+00	3.728665e-04	0.000000e+00	17260	17260	8	1	1	131052	12	411021	44956	617	0	0	0	0	0	0	0	0	0
394.472748	46597	2201721	2155125	0	71.487373	0.016396	53.848042	0.016125	1.002574e+00	0.000000e+00	4.652600e-04	0.000000e+00	17717	17717	8	1	1	133914	12	419780	45833	764	0	0	0	0	0	0	0	0	0
395.472748	47431	2248663	2201233	0	71.628174	0.020388	53.736092	0.019974	1.003282e+00	0.000000e+00	5.946659e-04	0.000000e+00	18096	18096	9	1	1	136763	12	428787	46464	967	0	0	0	0	0	0	0	0	0
396.472778	49109	2297563	2248455	0	71.824371	0.024883	54.260471	0.024262	1.004132e+00	0.000000e+00	7.519096e-04	0.000000e+00	18703	18703	10	1	1	139902	13	438220	47887	1222	0	0	0	0	0	0	0	0	0
397.472778	50040	2347221	2297182	0	72.019028	0.027298	54.290432	0.026550	1.004518e+00	0.000000e+00	8.225943e-04	0.000000e+00	19058	19058	11	1	1	142813	14	447669	48674	1366	0	0	0	0	0	0	0	0	0
398.472778	50981	2397833	2346853	0	72.196350	0.034287	54.213173	0.033117	1.005743e+00	0.000000e+00	1.040215e-03	0.000000e+00	19536	19536	11	1	1	145910	15	457300	49233	1748	0	0	0	0	0	0	0	0	0
399.472809	52080	2449541	2397462	0	72.408508	0.039804	54.282455	0.038222	1.006811e+00	0.000000e+00	1.235489e-03	0.000000e+00	19814	19814	12	1	1	148915	15	467060	50007	2073	0	0	0	0	0	0	0	0	0
400.472809	53289	2502415	2449127	0	72.552986	0.046970	54.188347	0.044760	1.008185e+00	0.000000e+00	1.485531e-03	0.000000e+00	20265	20265	12	1	1	152227	15	477230	50786	2503	0	0	0	0	0	0	0	0	0
401.472809	55270	2557335	2502066	0	72.687935	0.053809	54.421448	0.050919	1.009435e+00	0.000000e+00	1.703925e-03	0.000000e+00	20991	20991	11	1	1	155777	15	487738	52296	2974	0	0	0	0	0	0	0	0	0
402.472809	57509	2614425	2556917	0	72.859955	0.062529	54.532200	0.058617	1.011077e+00	0.000000e+00	1.992070e-03	0.000000e+00	21609	21609	11	1	1	159379	15	498625	53913	3596	0	0	0	0	0	0	0	0	0
403.472809	59009	2673334	2614326	0	72.962517	0.071345	53.704258	0.066263	1.012786e+00	0.000000e+00	2.286267e-03	0.000000e+00	22107	22107	12	1	1	162944	15	509765	54799	4210	0	0	0	0	0	0	0	0	0
404.472809	61031	2734246	2673216	0	73.106339	0.082827	53.814529	0.075958	1.015039e+00	0.000000e+00	2.660677e-03	0.000000e+00	22803	22803	11	1	1	166738	15	521381	55976	5055	0	0	0	0	0	0	0	0	0
405.472809	63653	2797690	2734038	0	73.282310	0.098581	53.908455	0.088874	1.017940e+00	0.000000e+00	3.128367e-03	0.000000e+00	23809	23809	10	1	1	170934	15	533529	57378	6275	0	0	0	0	0	0	0	0	0
406.472839	66034	2863667	2797634	0	73.404945	0.118469	53.970852	0.104429	1.021836e+00	0.000000e+00	3.737639e-03	0.000000e+00	24758	24758	12	1	1	175176	15	546116	58211	7823	0	0	0	0	0	0	0	0	0
407.472839	68760	2932201	2863442	0	73.471245	0.140605	53.453785	0.120805	1.026191e+00	0.000000e+00	4.392369e-03	0.000000e+00	25672	25672	10	1	1	179498	15	559061	59092	9668	0	0	0	0	0	0	0	0	0
408.472839	71910	3004276	2932367	0	73.579208	0.166987	52.752769	0.139122	1.031121e+00	0.000000e+00	5.072921e-03	0.000000e+00	26779	26779	10	1	1	184155	15	572738	59902	12008	0	0	0	0	0	0	0	0	0
409.472839	75247	3080230	3004984	0	73.607613	0.196513	52.554092	0.157949	1.036871e+00	0.000000e+00	5.812882e-03	0.000000e+00	27979	27979	13	1	1	189114	17	587094	60461	14785	1	0	0	0	0	0	0	0	0
410.472839	79586	3160906	3081321	0	73.626770	0.228709	52.174164	0.176458	1.043098e+00	0.000000e+00	6.529162e-03	0.000000e+00	29494	29494	13	1	1	194480	17	602519	61385	18200	1	0	0	0	0	0	0	0	0
411.472839	84307	3246228	3161922	0	73.621132	0.265731	51.537155	0.195213	1.050491e+00	0.000000e+00	7.296787e-03	0.000000e+00	31077	31077	15	1	1	200185	19	618754	61909	22393	5	0	0	0	0	0	0	0	0
412.472839	91161	3338466	3247306	0	73.604378	0.307906	50.369133	0.213275	1.058776e+00	0.000000e+00	8.029694e-03	0.000000e+00	33457	33457	13	1	1	206785	19	636380	63100	28053	8	0	0	0	0	0	0	0	0
413.472870	98885	3439241	3340357	0	73.581299	0.349709	48.656464	0.227917	1.066894e+00	0.000000e+00	8.607318e-03	0.000000e+00	35845	35845	13	1	1	213652	19	655499	64326	34537	22	0	0	0	0	0	0	0	0
414.472870	108884	3550622	3441739	0	73.530106	0.395467	47.170383	0.239451	1.075992e+00	0.000000e+00	9.109825e-03	0.000000e+00	39251	39251	16	1	1	221821	22	676770	65848	43012	24	0	0	0	0	0	0	0	0
415.472870	120714	3674320	3553607	0	73.466377	0.441001	44.778225	0.247157	1.085072e+00	0.000000e+00	9.450062e-03	0.000000e+00	42951	42951	17	1	1	230743	22	700001	67514	53165	35	0	0	0	0	0	0	0	0
416.472870	134472	3812671	3678200	0	73.384117	0.488674	42.698174	0.250339	1.094634e+00	0.000000e+00	9.631261e-03	0.000000e+00	47425	47425	17	1	1	240946	23	726112	68789	65653	30	0	0	0	0	0	0	0	0
417.472870	151449	3969128	3817680	0	73.354599	0.533856	40.600899	0.249423	1.103641e+00	0.000000e+00	9.637045e-03	0.000000e+00	53156	53156	13	1	1	252922	23	755753	70633	80780	36	0	0	0	0	0	0	0	0
418.472870	171698	4147107	3975410	0	73.348015	0.579815	38.584492	0.243974	1.112745e+00	0.000000e+00	9.467635e-03	0.000000e+00	59841	59841	13	1	1	266614	23	789559	72183	99477	38	0	0	0	0	0	0	0	0
419.472870	195930	4351441	4155512	0	73.300636	0.627173	36.180996	0.234417	1.122216e+00	0.000000e+00	9.134057e-03	0.000000e+00	68056	68056	15	1	1	282592	23	828421	73094	122790	46	0	0	0	0	0	0	0	0
420.472870	227130	4589591	4362462	0	73.275017	0.671039	33.816628	0.221389	1.131032e+00	0.000000e+00	8.668917e-03	0.000000e+00	77905	77905	17	1	1	301209	24	873235	74786	152275	69	0	0	0	0	0	0	0	0
421.472870	264106	4866876	4602771	0	73.271431	0.712047	31.408297	0.205800	1.139217e+00	0.000000e+00	8.083253e-03	0.000000e+00	90078	90078	19	1	1	323312	25	925647	76162	187832	112	0	0	0	0	0	0	0	0
422.472870	309938	5193844	4883907	0	73.280968	0.750295	29.449844	0.188058	1.146981e+00	0.000000e+00	7.409527e-03	0.000000e+00	105090	105090	19	1	1	349800	26	987787	77499	232333	106	0	0	0	0	0	0	0	0
423.472870	367195	5581516	5214322	0	73.311295	0.785648	27.137249	0.169284	1.154127e+00	0.000000e+00	6.698065e-03	0.000000e+00	123844	123844	21	1	1	381699	26	1061383	78841	288222	132	0	0	0	0	0	0	0	0
424.472870	439538	6047198	5607661	0	73.362251	0.816592	25.259811	0.150634	1.160436e+00	0.000000e+00	5.996707e-03	0.000000e+00	147330	147330	32	1	1	420732	38	1150085	80782	358589	167	0	0	0	0	0	0	0	0
425.472870	527574	6607851	6080278	0	73.437378	0.845472	23.476807	0.131455	1.166314e+00	0.000000e+00	5.257265e-03	0.000000e+00	176457	176457	29	1	1	468077	38	1256607	81777	445545	252	0	0	0	0	0	0	0	0
426.472900	637686	7286579	6648894	0	73.524971	0.869473	21.887705	0.114304	1.171220e+00	0.000000e+00	4.604389e-03	0.000000e+00	212172	212172	27	1	1	525856	38	1385730	83537	553847	302	0	0	0	0	0	0	0	0
427.472900	771129	8109023	7337895	0	73.622498	0.890516	20.506092	0.098709	1.175545e+00	0.000000e+00	3.985078e-03	0.000000e+00	256168	256168	31	1	1	596254	38	1541996	84811	685933	385	0	0	0	0	0	0	0	0
428.472900	938266	9111064	8172799	0	73.741470	0.908065	19.292244	0.084308	1.179141e+00	0.000000e+00	3.428098e-03	0.000000e+00	311099	311099	39	1	1	682644	45	1733289	86729	851067	470	0	0	0	0	0	0	0	0
428.796173	1000000	9480351	8480352	0	73.779793	0.913519	18.913355	0.080176	1.180267e+00	0.000000e+00	3.265570e-03	0.000000e+00	331218	331218	39	1	1	714086	46	1803408	86997	912487	516	0	0	0	0	0	0	0	0
