Generation	NumCells	DriverDiversity	DriverEdgeDiversity	DriverAlphaDiversity	DriverDiversityFrom1RandomSamples	DriverDiversityFrom1BigRandomSamples	DriverDiversityFrom2RandomSamples	DriverDiversityFrom2BigRandomSamples	DriverDiversityFrom4RandomSamples	DriverDiversityFrom4BigRandomSamples
0.000000	1	1.000000	1.000000	1.000000	1.000000	1.000000	1.000000	1.000000	1.000000	1.000000
10.432297	10	1.000000	1.000000	1.000000	1.000000	1.000000	1.000000	1.000000	1.000000	1.000000
20.578125	46	1.000000	1.000000	1.000000	1.000000	1.000000	1.000000	1.000000	1.000000	1.000000
30.768663	18	1.000000	1.000000	1.000000	1.000000	1.000000	1.000000	1.000000	1.000000	1.000000
40.905476	45	1.000000	1.000000	1.000000	1.000000	1.000000	1.000000	1.000000	1.000000	1.000000
50.983177	81	1.000000	1.000000	1.000000	1.000000	1.000000	1.000000	1.000000	1.000000	1.000000
61.073250	58	1.000000	1.000000	1.000000	1.000000	1.000000	1.000000	1.000000	1.000000	1.000000
71.151886	55	1.000000	1.000000	1.000000	1.000000	1.000000	1.000000	1.000000	1.000000	1.000000
81.215408	79	1.000000	1.000000	1.000000	1.000000	1.000000	1.000000	1.000000	1.000000	1.000000
91.257416	75	1.000000	1.000000	1.000000	1.000000	1.000000	1.000000	1.000000	1.000000	1.000000
101.309509	110	1.000000	1.000000	1.000000	1.000000	1.000000	1.000000	1.000000	1.000000	1.000000
111.342819	195	1.000000	1.000000	1.000000	1.000000	1.000000	1.000000	1.000000	1.000000	1.000000
121.358894	333	1.000000	1.000000	1.000000	1.000000	1.000000	1.000000	1.000000	1.000000	1.000000
131.380905	420	1.000000	1.000000	1.000000	1.000000	1.000000	1.000000	1.000000	1.000000	1.000000
141.391205	449	1.000000	1.000000	1.000000	1.000000	1.000000	1.000000	1.000000	1.000000	1.000000
151.400452	492	1.000000	1.000000	1.000000	1.000000	1.000000	1.000000	1.000000	1.000000	1.000000
161.420593	518	1.000000	1.000000	1.000000	1.000000	1.000000	1.000000	1.000000	1.000000	1.000000
171.432007	594	1.000000	1.000000	1.000000	1.000000	1.000000	1.000000	1.000000	1.000000	1.000000
181.440338	761	1.000000	1.000000	1.000000	1.000000	1.000000	1.000000	1.000000	1.000000	1.000000
191.444229	1117	1.007188	1.007188	1.007188	1.000000	1.000000	1.005013	1.010050	1.006018	1.010555
201.448685	1140	1.003515	1.003515	1.003515	1.000000	1.010050	1.000000	1.000000	1.002002	1.003005
211.453217	1421	1.000000	1.000000	1.000000	1.000000	1.000000	1.000000	1.000000	1.000000	1.000000
221.456116	1447	1.000000	1.000000	1.000000	1.000000	1.000000	1.000000	1.000000	1.000000	1.000000
231.458359	1732	1.000000	1.000000	1.000000	1.000000	1.000000	1.000000	1.000000	1.000000	1.000000
241.461182	2655	1.000000	1.000000	1.000000	1.000000	1.000000	1.000000	1.000000	1.000000	1.000000
251.464264	2901	1.000000	1.000000	1.000000	1.000000	1.000000	1.000000	1.000000	1.000000	1.000000
261.465027	3232	1.000000	1.000000	1.000000	1.000000	1.000000	1.000000	1.000000	1.000000	1.000000
271.466827	3944	1.000000	1.000000	1.000000	1.000000	1.000000	1.000000	1.000000	1.000000	1.000000
281.467560	4782	1.000000	1.000000	1.000000	1.000000	1.000000	1.000000	1.000000	1.000000	1.000000
284.944153	5000	1.000000	1.000000	1.000000	1.000000	1.000000	1.000000	1.000000	1.000000	1.000000
291.468475	5661	1.000000	1.000000	1.000000	1.000000	1.000000	1.000000	1.000000	1.000000	1.000000
301.469238	7149	1.002241	1.002241	1.002241	1.000000	1.000000	1.005013	1.004008	1.005013	1.001501
311.469666	8019	1.002247	1.002247	1.002247	1.000000	1.000000	1.000000	1.002002	1.000000	1.001501
321.470367	9646	1.000207	1.000207	1.000207	1.000000	1.000000	1.000000	1.000000	1.000000	1.000500
324.260345	10000	1.000200	1.000200	1.000200	1.000000	1.000000	1.000000	1.000000	1.000000	1.000000
331.470764	11451	1.000349	1.000349	1.000349	1.000000	1.000000	1.000000	1.000000	1.000000	1.000000
341.471558	13364	1.000000	1.000000	1.000000	1.000000	1.000000	1.000000	1.000000	1.000000	1.000000
347.137054	15000	1.000533	1.000533	1.000533	1.000000	1.000000	1.000000	1.000000	1.001001	1.000500
351.471985	16809	1.002025	1.002025	1.002025	1.000000	1.000000	1.000000	1.002002	1.003005	1.001501
356.437439	20000	1.004008	1.004008	1.004008	1.000000	1.010050	1.005013	1.008032	1.000000	1.004008
361.472260	22233	1.004056	1.004056	1.004056	1.000000	1.000000	1.005013	1.002002	1.003005	1.003506
367.445251	25000	1.003448	1.003448	1.003448	1.000000	1.000000	1.000000	1.006022	1.004009	1.002504
371.472504	27603	1.004579	1.004579	1.004579	1.000000	1.000000	1.000000	1.004010	1.003006	1.007032
374.842499	30000	1.004078	1.004078	1.004078	1.000000	1.010050	1.015138	1.008032	1.001001	1.003508
380.978363	35000	1.004987	1.004987	1.004987	1.000000	1.010050	1.010050	1.012090	1.004010	1.004010
381.472595	35298	1.004660	1.004660	1.004660	1.000000	1.010050	1.010050	1.000000	1.001001	1.004513
387.334320	40000	1.009764	1.009764	1.009764	1.000000	1.000000	1.015151	1.010058	1.012099	1.011589
391.472717	43416	1.017809	1.017809	1.017809	1.041016	1.020252	1.030556	1.024382	1.014133	1.015666
392.853668	45000	1.024022	1.024022	1.024022	1.041016	1.010050	1.015138	1.010068	1.024396	1.021299
397.380707	50000	1.055824	1.055824	1.055824	1.000000	1.041124	1.041057	1.043140	1.052782	1.051658
401.385406	55000	1.114257	1.114257	1.114257	1.020200	1.095650	1.089621	1.143715	1.128663	1.116850
401.472809	55270	1.115263	1.115263	1.115263	1.176194	1.118130	1.112254	1.115389	1.137520	1.135690
403.988922	60000	1.167911	1.167911	1.167911	1.152605	1.094871	1.145574	1.198397	1.155019	1.190487
406.079224	65000	1.251823	1.251823	1.251823	1.329434	1.250782	1.303165	1.264984	1.271914	1.259218
407.878296	70000	1.361392	1.361392	1.361392	1.203369	1.331292	1.414152	1.379946	1.368538	1.357087
409.400848	75000	1.485840	1.485840	1.485840	1.617599	1.367334	1.544491	1.401298	1.468888	1.490231
410.580383	80000	1.606737	1.606737	1.606737	1.675042	1.504212	1.715891	1.625688	1.642781	1.602814
411.472839	84307	1.710350	1.710350	1.710350	1.550869	1.717475	1.721319	1.742403	1.712821	1.708941
411.585907	85000	1.725565	1.725565	1.725565	1.663340	1.705175	1.727489	1.748466	1.759320	1.718783
412.309387	90000	1.826337	1.826337	1.826337	1.758087	1.842469	1.900734	1.873684	1.824565	1.827660
413.035614	95000	1.916993	1.916993	1.916993	2.118644	1.871082	2.057931	1.918509	1.925608	1.942111
413.594086	100000	1.997816	1.997816	1.997816	2.207506	2.020814	2.002152	1.958971	2.025727	2.009544
414.127136	105000	2.071415	2.071415	2.071415	1.845700	2.078354	2.085669	2.040192	2.074379	2.030632
414.562958	110000	2.127959	2.127959	2.127959	2.061856	2.103934	2.114165	2.130098	2.138432	2.162855
415.024689	115000	2.185580	2.185580	2.185580	2.344116	2.213614	2.148516	2.186691	2.212734	2.204662
415.418884	120000	2.230489	2.230489	2.230489	2.153316	2.299644	2.284148	2.281115	2.253138	2.237796
415.796875	125000	2.268235	2.268235	2.268235	2.199736	2.237887	2.351074	2.194291	2.248654	2.263112
416.184204	130000	2.300831	2.300831	2.300831	2.394636	2.214594	2.239203	2.313712	2.344622	2.323598
416.509277	135000	2.327254	2.327254	2.327254	2.201674	2.340276	2.323758	2.285453	2.335472	2.310827
416.829224	140000	2.348518	2.348518	2.348518	2.225189	2.199736	2.451055	2.308691	2.338845	2.344248
417.106750	145000	2.361154	2.361154	2.361154	2.104377	2.183644	2.349072	2.350287	2.359445	2.350874
417.390289	150000	2.371281	2.371281	2.371281	2.205558	2.232392	2.373394	2.317819	2.363625	2.379535
417.665070	155000	2.378076	2.378076	2.378076	2.409639	2.340003	2.271694	2.328994	2.348294	2.363377
417.937897	160000	2.379454	2.379454	2.379454	2.279982	2.279202	2.351835	2.394292	2.350154	2.379306
418.175476	165000	2.385178	2.385178	2.385178	2.447381	2.315619	2.360509	2.324176	2.298467	2.375674
418.404114	170000	2.386360	2.386360	2.386360	2.250225	2.297530	2.388916	2.377850	2.368327	2.361531
418.615417	175000	2.381971	2.381971	2.381971	2.423655	2.475554	2.364276	2.376787	2.366564	2.373630
418.838654	180000	2.378196	2.378196	2.378196	2.355158	2.257082	2.367214	2.399313	2.364723	2.372314
419.047760	185000	2.368286	2.368286	2.368286	2.421307	2.291213	2.384998	2.298935	2.340008	2.414939
419.247742	190000	2.357221	2.357221	2.357221	2.554931	2.453988	2.368967	2.288853	2.330954	2.379987
419.439026	195000	2.344337	2.344337	2.344337	2.294631	2.623295	2.359046	2.370657	2.344858	2.324875
419.607758	200000	2.334265	2.334265	2.334265	2.192982	2.411091	2.257782	2.340846	2.308999	2.293087
419.788086	205000	2.319294	2.319294	2.319294	2.213369	2.270921	2.385638	2.283105	2.323743	2.325805
419.961243	210000	2.307406	2.307406	2.307406	2.399232	2.171317	2.430946	2.370646	2.262722	2.295295
420.108246	215000	2.295111	2.295111	2.295111	2.223210	2.297530	2.329373	2.337727	2.242052	2.333458
420.261536	220000	2.280120	2.280120	2.280120	2.139495	2.482621	2.097811	2.374643	2.288073	2.298344
420.407654	225000	2.265598	2.265598	2.265598	2.274795	2.196354	2.271372	2.278371	2.292568	2.248874
420.561615	230000	2.251591	2.251591	2.251591	2.253267	2.168022	2.117130	2.245415	2.270534	2.271105
420.716614	235000	2.237997	2.237997	2.237997	1.919386	2.250478	2.148458	2.309500	2.255832	2.217161
420.855713	240000	2.225337	2.225337	2.225337	2.277904	2.376143	2.164151	2.224941	2.260086	2.244332
420.988037	245000	2.212781	2.212781	2.212781	2.429543	2.141557	2.202158	2.222272	2.147436	2.168019
421.130524	250000	2.200713	2.200713	2.200713	2.046664	2.162396	2.341784	2.178906	2.168701	2.149289
421.259155	255000	2.189811	2.189811	2.189811	2.315887	2.384359	2.168374	2.225546	2.196220	2.221097
421.373535	260000	2.177793	2.177793	2.177793	2.060157	2.181739	2.237324	2.196345	2.223880	2.169168
421.472870	264106	2.167442	2.167442	2.167442	2.322341	2.054443	2.144083	2.182197	2.196945	2.197017
421.492065	265000	2.165079	2.165079	2.165079	1.857355	2.064623	2.093912	2.223171	2.127293	2.122077
421.602692	270000	2.153726	2.153726	2.153726	2.490040	2.060369	2.246939	2.074758	2.156181	2.138981
421.716705	275000	2.139731	2.139731	2.139731	1.807665	2.149382	2.144715	2.149798	2.178393	2.129931
421.842468	280000	2.124813	2.124813	2.124813	2.107038	2.240645	2.172614	2.124712	2.146110	2.114908
421.951111	285000	2.111297	2.111297	2.111297	1.790190	1.991040	2.068145	2.111950	2.055551	2.080895
422.061554	290000	2.098871	2.098871	2.098871	2.209456	2.194908	2.092816	2.076998	2.126122	2.165328
422.166595	295000	2.085920	2.085920	2.085920	1.997603	2.123593	2.063611	2.047536	2.077676	2.079547
422.261261	300000	2.075998	2.075998	2.075998	2.427185	2.055076	1.995859	2.092094	2.073680	2.134135
422.373566	305000	2.062481	2.062481	2.062481	1.967729	2.194667	2.140869	2.095443	2.079752	2.058796
422.474030	310000	2.049793	2.049793	2.049793	2.164502	2.030457	2.069911	2.118528	2.010796	2.063730
422.563995	315000	2.038516	2.038516	2.038516	2.443793	2.063132	2.025060	2.082413	2.036751	2.007953
422.666870	320000	2.027174	2.027174	2.027174	2.115059	2.235886	2.042014	1.896720	1.972965	1.982384
422.760254	325000	2.015609	2.015609	2.015609	2.177700	1.942313	1.921414	2.021444	2.051253	2.014286
422.853333	330000	2.003047	2.003047	2.003047	1.774938	1.892148	2.112936	1.968861	1.990198	2.021678
422.941742	335000	1.992909	1.992909	1.992909	1.993621	1.928454	1.958624	2.012429	1.927741	1.880484
423.026550	340000	1.981193	1.981193	1.981193	2.013693	1.858563	1.878684	1.930025	2.015121	2.000571
423.112091	345000	1.968818	1.968818	1.968818	2.255300	1.964058	2.021887	1.996781	1.976246	1.941590
423.194885	350000	1.961649	1.961649	1.961649	1.634521	1.907305	2.015672	1.912836	1.979571	1.958521
423.274231	355000	1.951188	1.951188	1.951188	1.876173	1.914609	1.992478	2.037540	1.914026	1.999346
423.353912	360000	1.941839	1.941839	1.941839	1.752541	1.912229	1.759711	1.973773	1.975757	1.949877
423.437103	365000	1.933697	1.933697	1.933697	1.624959	2.298322	1.840985	1.901951	1.923303	2.012009
423.516571	370000	1.926050	1.926050	1.926050	1.712916	1.850139	1.879125	1.850050	1.907554	1.893962
423.587402	375000	1.918008	1.918008	1.918008	1.810938	1.823653	1.907441	1.941559	1.912616	1.922068
423.656677	380000	1.909484	1.909484	1.909484	1.734305	2.119767	1.865150	1.830255	1.943344	1.928070
423.731049	385000	1.901314	1.901314	1.901314	1.816200	1.850995	1.699596	1.868579	1.933039	1.898508
423.807251	390000	1.892208	1.892208	1.892208	1.623904	1.782214	2.028398	1.997212	1.874103	1.930628
423.882568	395000	1.884959	1.884959	1.884959	1.892506	1.789869	1.928826	1.875589	1.894074	1.896631
423.949066	400000	1.876189	1.876189	1.876189	1.556662	1.807828	1.907532	1.873592	1.910979	1.902213
424.024750	405000	1.868035	1.868035	1.868035	1.618123	1.810938	2.005113	1.820565	1.879756	1.871009
424.087463	410000	1.861962	1.861962	1.861962	1.767409	1.774938	1.808400	1.951768	1.883161	1.842612
424.157196	415000	1.854901	1.854901	1.854901	2.000000	1.846040	1.849027	1.846122	1.816649	1.842578
424.226257	420000	1.847418	1.847418	1.847418	1.854599	1.718656	1.868024	1.863217	1.896475	1.856710
424.292328	425000	1.840605	1.840605	1.840605	2.012882	1.741553	1.798521	1.737082	1.835272	1.853679
424.351776	430000	1.833323	1.833323	1.833323	2.211411	1.772893	1.778924	1.882268	1.848697	1.849128
424.415558	435000	1.826047	1.826047	1.826047	2.085071	1.706485	1.706958	1.861497	1.880360	1.801010
424.478943	440000	1.818815	1.818815	1.818815	1.963094	1.901141	1.869901	1.754583	1.812334	1.814269
424.543488	445000	1.811514	1.811514	1.811514	2.150537	1.799370	1.830328	1.897699	1.802617	1.790854
424.605042	450000	1.806636	1.806636	1.806636	1.719986	1.847404	1.789309	1.824525	1.762767	1.833695
424.668610	455000	1.799526	1.799526	1.799526	1.955417	1.787151	1.749207	1.736449	1.863193	1.794587
424.725555	460000	1.792947	1.792947	1.792947	2.117747	1.520566	1.906669	1.817104	1.807813	1.833071
424.791016	465000	1.786422	1.786422	1.786422	1.423285	1.683643	1.868591	1.878703	1.801266	1.822967
424.849884	470000	1.780406	1.780406	1.780406	2.095557	1.817191	1.807542	1.782633	1.800004	1.776181
424.906738	475000	1.775010	1.775010	1.775010	1.871257	1.969085	1.733215	1.772987	1.762852	1.750819
424.967010	480000	1.768488	1.768488	1.768488	1.966955	1.860985	1.750241	1.782468	1.822460	1.773080
425.018372	485000	1.762492	1.762492	1.762492	1.876173	1.654260	1.873887	1.704983	1.762664	1.788729
425.072083	490000	1.757753	1.757753	1.757753	1.773679	1.872309	1.677465	1.733583	1.752052	1.730246
425.128265	495000	1.752431	1.752431	1.752431	1.776830	1.698514	1.740530	1.637535	1.730182	1.736648
425.183075	500000	1.748496	1.748496	1.748496	2.205558	2.049810	1.747145	1.690194	1.756296	1.753543
425.235474	505000	1.742754	1.742754	1.742754	1.725328	1.575548	1.762503	1.643407	1.712735	1.736786
425.288208	510000	1.737958	1.737958	1.737958	1.932741	1.737167	1.718841	1.835105	1.753505	1.723978
425.344147	515000	1.733305	1.733305	1.733305	1.822822	1.777620	1.678028	1.706729	1.710814	1.769435
425.394714	520000	1.726785	1.726785	1.726785	1.485002	1.758706	1.821992	1.696485	1.669154	1.727200
425.446655	525000	1.721669	1.721669	1.721669	1.721170	1.650301	1.774662	1.641023	1.668235	1.749503
425.498138	530000	1.715886	1.715886	1.715886	1.982554	1.613294	1.700897	1.678314	1.725182	1.757716
425.547028	535000	1.710268	1.710268	1.710268	1.648533	1.515266	1.643892	1.722327	1.763967	1.713339
425.598907	540000	1.706796	1.706796	1.706796	1.624959	1.618254	1.787630	1.646416	1.680205	1.657668
425.646515	545000	1.702968	1.702968	1.702968	1.555210	1.712182	1.692369	1.695950	1.753561	1.698674
425.696777	550000	1.698391	1.698391	1.698391	1.546551	1.760563	1.721244	1.748845	1.715725	1.687078
425.742737	555000	1.695178	1.695178	1.695178	1.515611	1.748557	1.685630	1.655147	1.705078	1.745525
425.788513	560000	1.691747	1.691747	1.691747	1.543210	1.631721	1.747106	1.626889	1.667781	1.659824
425.836670	565000	1.687795	1.687795	1.687795	1.999200	1.839250	1.709402	1.598149	1.731452	1.680885
425.886871	570000	1.684103	1.684103	1.684103	1.783167	1.697937	1.639949	1.658793	1.758576	1.677294
425.933807	575000	1.681148	1.681148	1.681148	1.862891	1.533742	1.688975	1.627710	1.648493	1.675002
425.978302	580000	1.678031	1.678031	1.678031	1.761804	1.739130	1.658512	1.671129	1.710585	1.668321
426.022430	585000	1.674368	1.674368	1.674368	1.733102	1.740190	1.517077	1.718573	1.655447	1.672321
426.068054	590000	1.669332	1.669332	1.669332	1.672800	1.658787	1.691189	1.680074	1.630562	1.654196
426.116852	595000	1.665677	1.665677	1.665677	1.615509	1.835536	1.806114	1.664492	1.696013	1.703917
426.161713	600000	1.661450	1.661450	1.661450	1.731302	1.681096	1.752925	1.718036	1.638086	1.665045
426.203430	605000	1.657788	1.657788	1.657788	1.646904	1.686767	1.669170	1.613866	1.686224	1.661475
426.245209	610000	1.654982	1.654982	1.654982	1.482360	1.638404	1.637566	1.634612	1.642166	1.657243
426.288147	615000	1.651273	1.651273	1.651273	1.359434	1.608493	1.697145	1.657726	1.623109	1.625459
426.327087	620000	1.647558	1.647558	1.647558	1.426533	1.544640	1.673605	1.655317	1.650165	1.638677
426.366608	625000	1.644248	1.644248	1.644248	1.546551	1.690188	1.827945	1.738012	1.651349	1.621011
426.408508	630000	1.640220	1.640220	1.640220	1.948558	1.797107	1.621764	1.675019	1.618285	1.606377
426.450226	635000	1.637307	1.637307	1.637307	1.878287	1.645684	1.548677	1.613741	1.674395	1.676443
426.491180	640000	1.633166	1.633166	1.633166	1.723544	1.530222	1.661406	1.635987	1.641710	1.621905
426.534058	645000	1.629992	1.629992	1.629992	1.792115	1.701259	1.641834	1.659680	1.624656	1.616635
426.574646	650000	1.626943	1.626943	1.626943	1.718804	1.722060	1.668231	1.583190	1.625279	1.636035
426.618958	655000	1.623615	1.623615	1.623615	1.769912	1.690046	1.783326	1.570524	1.594540	1.616741
426.659698	660000	1.619478	1.619478	1.619478	1.599488	1.459961	1.585414	1.642101	1.602793	1.627818
426.701233	665000	1.616086	1.616086	1.616086	1.618123	1.660992	1.721319	1.548472	1.618719	1.647553
426.740295	670000	1.613308	1.613308	1.613308	1.660027	1.390530	1.626479	1.583862	1.557669	1.623453
426.780518	675000	1.608815	1.608815	1.608815	1.676727	1.486657	1.694736	1.633266	1.579946	1.605814
426.816803	680000	1.606416	1.606416	1.606416	1.808972	1.479399	1.544759	1.672845	1.570164	1.600804
426.854401	685000	1.603206	1.603206	1.603206	1.629726	1.716738	1.537781	1.544735	1.589414	1.587995
426.889526	690000	1.600637	1.600637	1.600637	1.820168	1.507500	1.687871	1.653871	1.576665	1.593191
426.925140	695000	1.597500	1.597500	1.597500	1.618123	1.458470	1.766901	1.564465	1.574936	1.600331
426.963776	700000	1.595276	1.595276	1.595276	1.695490	1.674341	1.609043	1.640511	1.550453	1.631017
427.002899	705000	1.592716	1.592716	1.592716	1.702997	1.641093	1.544849	1.515496	1.640124	1.600798
427.038177	710000	1.590719	1.590719	1.590719	1.458151	1.639479	1.490785	1.560876	1.564647	1.579859
427.074432	715000	1.588072	1.588072	1.588072	1.582278	1.661820	1.720208	1.606870	1.578436	1.581229
427.111481	720000	1.585100	1.585100	1.585100	1.763668	1.451906	1.545088	1.547465	1.602856	1.556811
427.143005	725000	1.582817	1.582817	1.582817	1.471454	1.720134	1.463272	1.567870	1.565958	1.573170
427.179626	730000	1.580400	1.580400	1.580400	1.452222	1.523461	1.605104	1.614200	1.606737	1.551292
427.215118	735000	1.577102	1.577102	1.577102	1.671682	1.690331	1.598338	1.563560	1.671632	1.558396
427.249237	740000	1.574991	1.574991	1.574991	1.586294	1.600512	1.564670	1.563008	1.528637	1.564992
427.285553	745000	1.572950	1.572950	1.572950	1.519295	1.545714	1.454995	1.494085	1.542631	1.576113
427.323120	750000	1.569830	1.569830	1.569830	1.808972	1.655218	1.513947	1.525423	1.534497	1.584115
427.359039	755000	1.567776	1.567776	1.567776	1.731302	1.517335	1.591501	1.557594	1.546867	1.555948
427.393616	760000	1.565432	1.565432	1.565432	1.685204	1.531745	1.540743	1.528164	1.507609	1.611195
427.428619	765000	1.563285	1.563285	1.563285	1.698947	1.675744	1.612838	1.580658	1.604119	1.595831
427.464722	770000	1.560295	1.560295	1.560295	1.299714	1.597699	1.565987	1.590913	1.535780	1.533137
427.498474	775000	1.557873	1.557873	1.557873	1.660578	1.537634	1.565833	1.586460	1.541029	1.527564
427.531708	780000	1.556012	1.556012	1.556012	1.541782	1.597699	1.519613	1.640302	1.567729	1.553494
427.561218	785000	1.553851	1.553851	1.553851	1.556178	1.728310	1.529929	1.626572	1.565990	1.547030
427.592896	790000	1.551708	1.551708	1.551708	1.226693	1.533154	1.656075	1.612799	1.510839	1.547377
427.625397	795000	1.550001	1.550001	1.550001	1.584786	1.554122	1.638908	1.559873	1.571775	1.568259
427.658691	800000	1.548038	1.548038	1.548038	1.482360	1.645413	1.598689	1.607991	1.567645	1.560942
427.691681	805000	1.546477	1.546477	1.546477	1.803101	1.607329	1.596870	1.514413	1.517840	1.521937
427.726715	810000	1.545197	1.545197	1.545197	1.555210	1.474383	1.654568	1.555616	1.504599	1.554608
427.759064	815000	1.543201	1.543201	1.543201	1.351717	1.631454	1.427679	1.534632	1.523887	1.511023
427.790802	820000	1.540806	1.540806	1.540806	1.631321	1.539172	1.630590	1.511533	1.495797	1.568806
427.819794	825000	1.538933	1.538933	1.538933	1.428980	1.508409	1.496586	1.487896	1.556188	1.587751
427.852448	830000	1.537479	1.537479	1.537479	1.496110	1.426025	1.563661	1.475675	1.520179	1.512233
427.883789	835000	1.535286	1.535286	1.535286	1.560063	1.615770	1.553911	1.512649	1.516039	1.579185
427.914368	840000	1.532983	1.532983	1.532983	1.522534	1.651528	1.449380	1.517101	1.527424	1.526274
427.944275	845000	1.531160	1.531160	1.531160	1.578781	1.455286	1.498520	1.472663	1.535938	1.546555
427.973938	850000	1.529662	1.529662	1.529662	1.337972	1.488871	1.371977	1.497930	1.530540	1.486867
428.003052	855000	1.527686	1.527686	1.527686	1.627074	1.422981	1.423842	1.515009	1.502055	1.518776
428.033752	860000	1.525748	1.525748	1.525748	1.593879	1.585666	1.498212	1.500668	1.558448	1.534707
428.065643	865000	1.523526	1.523526	1.523526	1.697793	1.471995	1.470399	1.505353	1.563086	1.510543
428.094360	870000	1.522351	1.522351	1.522351	1.489869	1.559090	1.549187	1.459449	1.566928	1.494378
428.123169	875000	1.520968	1.520968	1.520968	1.227596	1.434412	1.518142	1.609819	1.507812	1.523887
428.149628	880000	1.519043	1.519043	1.519043	1.780627	1.486768	1.381884	1.529880	1.545203	1.491743
428.177856	885000	1.517697	1.517697	1.517697	1.460707	1.506364	1.569520	1.566593	1.582226	1.532165
428.207947	890000	1.516120	1.516120	1.516120	1.521607	1.640151	1.641531	1.435717	1.527246	1.515662
428.237885	895000	1.514487	1.514487	1.514487	1.618123	1.444356	1.386410	1.565901	1.506975	1.517898
428.266632	900000	1.512473	1.512473	1.512473	1.560063	1.501840	1.605555	1.527846	1.521126	1.526247
428.293579	905000	1.510473	1.510473	1.510473	1.424501	1.590710	1.459348	1.599826	1.500645	1.527128
428.318909	910000	1.509289	1.509289	1.509289	1.559090	1.569859	1.591976	1.550037	1.537543	1.513962
428.345398	915000	1.507830	1.507830	1.507830	1.786352	1.523113	1.535243	1.560262	1.505457	1.507338
428.377563	920000	1.505438	1.505438	1.505438	1.450537	1.455392	1.508922	1.536141	1.506538	1.490370
428.403809	925000	1.504011	1.504011	1.504011	1.461561	1.601537	1.371154	1.455507	1.547051	1.483322
428.430023	930000	1.502424	1.502424	1.502424	1.710571	1.438952	1.519930	1.459300	1.539958	1.482298
428.456421	935000	1.501173	1.501173	1.501173	1.702417	1.616684	1.557541	1.462283	1.509698	1.519690
428.481934	940000	1.499431	1.499431	1.499431	1.308216	1.428265	1.571092	1.521352	1.524187	1.514563
428.509369	945000	1.498411	1.498411	1.498411	1.253133	1.613814	1.394700	1.516659	1.492107	1.464963
428.535858	950000	1.496456	1.496456	1.496456	1.788909	1.736111	1.372754	1.458109	1.494171	1.540135
428.562592	955000	1.494994	1.494994	1.494994	1.332268	1.446341	1.423108	1.481310	1.510828	1.517997
428.590637	960000	1.493555	1.493555	1.493555	1.553277	1.323890	1.458656	1.517248	1.513301	1.468758
428.617065	965000	1.491904	1.491904	1.491904	1.585791	1.491202	1.605491	1.522696	1.461652	1.486411
428.643066	970000	1.490497	1.490497	1.490497	1.369863	1.633453	1.467971	1.522297	1.531496	1.490522
428.668243	975000	1.489016	1.489016	1.489016	1.445504	1.486657	1.548767	1.544965	1.475757	1.496309
428.693268	980000	1.487389	1.487389	1.487389	1.282051	1.322489	1.422855	1.487316	1.532344	1.466616
428.719788	985000	1.485384	1.485384	1.485384	1.524855	1.392273	1.476369	1.480433	1.461783	1.467638
428.745392	990000	1.484068	1.484068	1.484068	1.492537	1.627074	1.553308	1.519369	1.484263	1.477905
428.769775	995000	1.482237	1.482237	1.482237	1.553277	1.553639	1.416807	1.490042	1.490507	1.491638
428.796173	1000000	1.480699	1.480699	1.480699	1.421666	1.423386	1.607329	1.462621	1.447986	1.517206
