Population	Parent	Identity	DriverIdentity	DriverMutations	MigrationMutations	Immortal	PassengerMutations	BirthRate	MigrationRate	OriginTime	Descendants
0	0	0	0	0	0	1	0	1.000000	0.001458	0.000000	1000000
2342	0	13	13	1	0	1	0	1.297125	0.001458	237.816208	1000000
0	13	22	22	2	0	1	0	1.334358	0.001458	290.388733	309247
59852	22	65	65	3	0	1	0	1.691151	0.001458	388.033722	309247
8932	65	148	148	4	0	1	0	1.975059	0.001458	455.447815	12026
154043	13	105	105	2	0	1	0	1.638728	0.001458	421.519531	283576
1215	105	202	202	3	0	1	0	1.880001	0.001458	476.488281	2797
0	13	252	252	2	0	1	1	1.662406	0.001458	492.511780	297241
26648	105	270	270	3	0	1	0	2.063985	0.001458	497.469604	49672
0	65	297	297	4	0	1	0	1.957282	0.001458	504.670380	56308
5202	13	440	440	2	0	1	1	1.968561	0.001458	532.287231	107096
95484	252	362	362	3	0	1	1	2.153502	0.001458	518.691345	297241
2719	105	445	445	3	0	1	0	1.906098	0.001458	533.332336	2719
0	297	426	426	5	0	1	0	2.246223	0.001458	530.179626	56308
368	65	448	448	4	0	1	0	1.962422	0.001458	533.538391	600
2746	105	572	572	3	0	1	0	1.935003	0.001458	551.317810	2746
0	65	503	503	4	0	1	0	1.947448	0.001458	541.302368	14541
76443	618	782	782	4	0	1	2	2.527371	0.001458	574.629822	97057
23221	362	580	580	4	0	1	1	2.638410	0.001458	553.211060	45844
481	362	589	589	4	0	1	1	2.458524	0.001458	554.042664	481
0	440	618	618	3	0	1	2	2.202629	0.001458	558.022156	97057
499	65	627	627	4	0	1	0	2.318181	0.001458	559.124878	16040
0	448	813	813	5	0	1	0	2.130600	0.001458	577.621094	232
0	105	656	656	3	0	1	0	1.812925	0.001458	562.689453	25480
55	105	660	660	3	0	1	0	1.783685	0.001458	563.319946	55
17996	270	884	884	4	0	1	0	2.371177	0.001458	583.119812	18000
37	148	716	716	5	0	1	0	2.199784	0.001458	568.153137	37
53	65	736	736	4	0	1	0	2.259631	0.001458	570.555542	58225
290	270	831	831	4	0	1	1	2.189974	0.001458	579.411316	290
5	65	899	899	4	0	1	0	1.928701	0.001458	583.988647	283
58	362	829	829	4	0	1	1	2.553505	0.001458	579.259338	58
1108	580	871	871	5	0	1	1	2.760717	0.001458	581.989136	1108
4	148	858	858	5	0	1	1	2.381647	0.001458	581.272400	4
5	362	938	938	4	0	1	1	2.379036	0.001458	587.084229	5
408	362	968	968	4	0	1	1	2.399486	0.001458	588.852112	408
226	105	937	937	3	0	1	0	1.970621	0.001458	587.051025	256
97	270	1005	1005	4	0	1	0	2.133281	0.001458	592.057190	97
16	105	924	924	3	0	1	0	1.714201	0.001458	585.869507	16
0	426	948	948	6	0	1	0	2.551342	0.001458	587.489502	55597
985	105	979	979	3	0	1	0	1.667701	0.001458	589.478027	988
78449	65	1089	1089	4	0	1	0	2.617376	0.001458	598.317322	82138
133	426	1053	1053	6	0	1	0	2.657684	0.001458	595.644165	711
2736	105	1064	1064	3	0	1	0	2.021584	0.001458	596.584839	2736
11265	105	1233	1233	3	0	1	1	2.002760	0.001458	606.408569	11265
14541	503	1163	1163	5	0	1	1	2.634726	0.001458	602.837769	14541
6587	105	1300	1300	3	0	1	0	1.925344	0.001458	611.726990	6587
1043	202	1518	1518	4	0	1	1	2.192002	0.001458	623.017151	1255
2732	362	1180	1180	4	0	1	1	2.433971	0.001458	603.801025	2732
2206	948	1252	1252	7	0	1	1	3.106943	0.001458	608.029358	55597
510	627	1215	1215	5	0	1	0	2.393228	0.001458	605.608032	510
66838	362	1321	1321	4	0	1	1	3.218464	0.001458	612.822083	112580
1278	362	1355	1355	4	0	1	1	2.546880	0.001458	614.625549	1278
47	362	1379	1379	4	0	1	1	2.671205	0.001458	616.034607	47
18315	580	1424	1424	5	0	1	1	3.060635	0.001458	618.715149	18328
1622	782	1586	1586	5	0	1	2	2.706695	0.001458	626.079102	1622
721	1089	1408	1408	5	0	1	1	2.724178	0.001458	617.516113	721
8000	65	1559	1559	4	0	1	0	1.767413	0.001458	624.978027	8001
4233	362	1422	1422	4	0	1	1	2.794108	0.001458	618.538879	19184
8761	627	1473	1473	5	0	1	0	2.843125	0.001458	620.994446	15031
46	270	1482	1482	4	0	1	0	2.107418	0.001458	621.377197	46
0	105	1563	1563	3	0	1	0	1.961829	0.001458	625.078247	4
25263	656	1544	1544	4	0	1	0	2.615267	0.001458	624.151489	25480
1579	782	1648	1648	5	0	1	2	2.761653	0.001458	629.154785	2521
1588	1321	1889	1889	5	0	1	1	3.398669	0.001458	638.932556	1588
2154	782	1631	1631	5	0	1	2	2.781890	0.001458	628.526306	2154
1055	362	1644	1644	4	0	1	1	2.622690	0.001458	628.950989	1119
8374	736	1643	1643	5	0	1	0	2.940848	0.001458	628.929016	8374
3162	736	1666	1666	5	0	1	0	2.708728	0.001458	630.004089	3162
1614	362	1743	1743	4	0	1	1	2.357560	0.001458	633.076294	1614
2875	105	2061	2061	3	0	1	0	2.132352	0.001458	645.565552	2878
10113	105	1947	1947	3	0	1	0	2.185455	0.001458	641.242981	10113
4837	440	1732	1732	3	0	1	1	2.465034	0.001458	632.637329	4837
123	65	2235	2235	4	0	1	1	1.703213	0.001458	651.668762	123
578	1053	1747	1747	7	0	1	0	3.228539	0.001458	633.162781	578
5563	782	1716	1716	5	0	1	2	2.560260	0.001458	632.017273	5563
214	736	1763	1763	5	0	1	0	2.789173	0.001458	633.740234	214
46373	736	1772	1772	5	0	1	0	3.496299	0.001458	634.001648	46422
278	899	1927	1927	5	0	1	0	2.111470	0.001458	640.499878	278
26	148	1815	1815	5	0	1	0	2.167220	0.001458	636.399963	1159
45440	1252	1876	1876	8	0	1	1	3.884303	0.001458	638.567749	48489
14	65	1856	1856	4	0	1	1	2.287787	0.001458	637.787659	14
6260	1321	1977	1977	5	0	1	1	3.581329	0.001458	642.352478	6264
1021	580	1931	1931	5	0	1	1	3.023666	0.001458	640.524536	1021
20	105	2230	2230	3	0	1	0	1.898986	0.001458	651.569275	20
720	362	2165	2165	4	0	1	1	2.774324	0.001458	648.928894	720
1567	580	2019	2019	5	0	1	1	2.956714	0.001458	643.786499	1567
5186	1321	2043	2043	5	0	1	2	3.717545	0.001458	644.753601	5187
531	270	2209	2209	4	0	1	1	2.238541	0.001458	650.852295	531
39	270	2017	2017	4	0	1	0	2.082050	0.001458	643.747742	39
4	1563	2062	2062	4	0	1	1	2.068429	0.001458	645.587891	4
1069	362	2063	2063	4	0	1	1	2.377771	0.001458	645.610962	1069
958	105	2119	2119	3	0	1	0	1.848849	0.001458	647.538818	958
1115	782	2244	2244	5	0	1	2	2.925022	0.001458	651.980042	1115
63	105	2177	2177	3	0	1	0	1.764255	0.001458	649.321472	705
14398	1422	2241	2241	5	0	1	1	3.501808	0.001458	651.863708	14951
423	65	2645	2645	4	0	1	0	1.848857	0.001458	664.213928	423
5178	362	2369	2369	4	0	1	1	2.770637	0.001458	656.208130	5178
172	105	2166	2166	3	0	1	0	1.792177	0.001458	648.935181	172
1107	1321	2910	2910	5	0	1	1	3.730954	0.001458	671.188721	1107
2318	105	2267	2267	3	0	1	0	2.176684	0.001458	652.682373	2318
3126	270	2285	2285	4	0	1	0	2.575412	0.001458	653.367126	3126
559	580	2839	2839	5	0	1	1	3.216139	0.001458	669.812073	559
8781	362	2220	2220	4	0	1	2	2.939099	0.001458	651.150940	8853
30	937	2259	2259	4	0	1	0	1.994375	0.001458	652.379333	30
16	65	3575	3575	4	0	1	0	1.798848	0.001458	686.813293	16
498	13	2216	2216	2	0	1	0	1.620853	0.001458	651.051880	498
232	813	2154	2154	6	0	1	0	2.709620	0.001458	648.473206	232
480	105	3186	3186	3	0	1	1	2.010217	0.001458	678.145996	480
33	270	2355	2355	4	0	1	1	2.354680	0.001458	655.839661	33
4883	1252	2416	2416	8	0	1	1	3.733790	0.001458	657.639404	4883
64	1644	3348	3348	5	0	1	1	2.651852	0.001458	681.705017	64
6149	1473	2346	2346	6	0	1	0	3.788177	0.001458	655.623840	6149
293	105	2350	2350	3	0	1	0	1.737457	0.001458	655.719604	293
375	782	2662	2662	5	0	1	2	2.821889	0.001458	664.705139	665
484	105	2553	2553	3	0	1	0	2.010700	0.001458	661.853210	484
3678	782	2431	2431	5	0	1	2	2.911704	0.001458	658.377686	3678
32	65	2516	2516	4	0	1	0	1.708919	0.001458	660.745117	32
258	105	2472	2472	3	0	1	0	1.764111	0.001458	659.484558	258
1154	782	2390	2390	5	0	1	2	2.989334	0.001458	656.698853	1154
211	1321	2474	2474	5	0	1	1	3.277736	0.001458	659.514465	211
896	148	2525	2525	5	0	1	0	2.275626	0.001458	660.911133	896
327	202	2462	2462	4	0	1	0	2.090947	0.001458	659.112183	327
6	270	2484	2484	4	0	1	0	2.180609	0.001458	659.797668	6
2165	105	2538	2538	3	0	1	0	2.328822	0.001458	661.371826	2165
508	782	2542	2542	5	0	1	2	2.688724	0.001458	661.498413	508
72	2220	3432	3432	5	0	1	2	3.107073	0.001458	683.627625	72
942	1648	2555	2555	6	0	1	2	2.988649	0.001458	661.902283	942
622	1876	2544	2544	9	0	1	1	4.133841	0.001458	661.544922	622
824	105	2558	2558	3	0	1	0	1.960280	0.001458	661.941895	824
48	1876	3297	3297	9	0	1	1	3.905900	0.001458	680.648865	48
7578	1321	2692	2692	5	0	1	1	3.864927	0.001458	665.429504	7603
17	362	2673	2673	4	0	1	1	2.223764	0.001458	664.880615	17
446	782	2628	2628	5	0	1	2	2.733863	0.001458	663.742432	446
38	105	3465	3465	3	0	1	0	1.803414	0.001458	684.412781	38
386	270	3075	3075	4	0	1	0	2.456748	0.001458	675.460632	386
1133	1815	2587	2587	6	0	1	0	2.476749	0.001458	662.651184	1133
22320	1321	2857	2857	5	0	1	1	4.523668	0.001458	670.146667	22353
2732	1089	2995	2995	5	0	1	0	3.402339	0.001458	673.331665	2732
642	2177	2758	2758	4	0	1	0	2.097089	0.001458	667.205566	642
496	148	2698	2698	5	0	1	0	2.369245	0.001458	665.566772	496
1260	105	2905	2905	3	0	1	1	2.148750	0.001458	671.030334	1260
82	65	2757	2757	4	0	1	1	1.740255	0.001458	667.165161	82
384	105	2787	2787	3	0	1	1	1.823473	0.001458	668.210083	384
7	580	2998	2998	5	0	1	1	2.691054	0.001458	673.411804	7
38	1544	2713	2713	5	0	1	0	2.617873	0.001458	665.871399	38
134	105	3208	3208	3	0	1	0	1.854865	0.001458	678.575989	134
13	1089	2825	2825	5	0	1	0	2.655102	0.001458	669.331665	13
505	65	2775	2775	4	0	1	0	1.885383	0.001458	667.816345	505
13	105	2824	2824	3	0	1	0	1.717825	0.001458	669.279968	13
2	782	3321	3321	5	0	1	2	2.587937	0.001458	681.134521	2
1108	782	2849	2849	5	0	1	2	3.029837	0.001458	670.003479	1108
14	1544	2860	2860	5	0	1	0	2.661613	0.001458	670.177795	14
19	1252	2991	2991	8	0	1	1	3.192597	0.001458	673.263062	19
33	580	3122	3122	5	0	1	1	2.826608	0.001458	676.502563	33
342	105	3020	3020	3	0	1	0	1.874465	0.001458	673.959412	342
99	362	3077	3077	4	0	1	1	2.228325	0.001458	675.482849	99
23	2692	3014	3014	6	0	1	1	3.881794	0.001458	673.838135	23
427	270	3244	3244	4	0	1	0	2.549255	0.001458	679.421265	427
117	1544	3229	3229	5	0	1	1	2.759717	0.001458	679.214172	117
54	105	3076	3076	3	0	1	1	1.860317	0.001458	675.474915	54
13	1089	3364	3364	5	0	1	0	2.654053	0.001458	682.197510	13
1	270	3677	3677	4	0	0	0	2.078171	0.001458	689.080261	1
181	1876	3415	3415	9	0	1	1	4.247890	0.001458	683.326294	181
11	105	3123	3123	3	0	1	0	1.655612	0.001458	676.508667	11
50	362	3107	3107	4	0	1	1	2.215565	0.001458	676.258789	50
439	148	3096	3096	5	0	1	1	2.395371	0.001458	675.871460	439
8	362	3294	3294	4	0	1	1	2.378156	0.001458	680.558411	8
27	65	3383	3383	4	0	1	0	1.816329	0.001458	682.589478	27
8	270	3426	3426	4	0	1	0	2.229502	0.001458	683.484314	8
66	105	3311	3311	3	0	1	0	1.640499	0.001458	680.930054	66
38	105	3115	3115	3	0	1	0	1.658899	0.001458	676.386902	38
56	105	3239	3239	3	0	1	1	2.061252	0.001458	679.356689	56
553	2241	3139	3139	6	0	1	1	4.265351	0.001458	677.123657	553
587	1321	3098	3098	5	0	1	1	3.812418	0.001458	675.891724	587
2161	1876	3175	3175	9	0	1	1	5.281813	0.001458	677.920227	2161
192	1321	3351	3351	5	0	1	1	3.553228	0.001458	681.774536	192
108	362	3506	3506	4	0	1	1	2.471995	0.001458	685.277588	108
19	148	3488	3488	5	0	1	0	2.184407	0.001458	684.982361	19
21	105	3601	3601	3	0	1	0	1.778677	0.001458	687.429504	21
113	362	3190	3190	4	0	1	2	2.323856	0.001458	678.212158	113
82	1089	3534	3534	5	0	1	0	2.999275	0.001458	685.922913	82
325	1321	3276	3276	5	0	1	1	3.462281	0.001458	680.078125	325
3	2857	3765	3765	6	0	0	1	5.311816	0.001458	690.649658	3
3	1977	3568	3568	6	0	1	1	3.634372	0.001458	686.642212	3
1	105	3751	3751	3	0	0	0	1.722003	0.001458	690.460815	1
290	2662	3388	3388	6	0	1	2	3.289084	0.001458	682.691589	290
5	362	3651	3651	4	0	0	1	2.196411	0.001458	688.269775	5
122	105	3369	3369	3	0	1	0	2.055568	0.001458	682.278076	122
2	270	3732	3732	4	0	0	0	2.110498	0.001458	690.105530	2
1	2043	3499	3499	6	0	1	2	3.742091	0.001458	685.117249	1
42	1772	3443	3443	6	0	1	0	3.926674	0.001458	683.888000	42
66	362	3282	3282	4	0	1	1	2.470546	0.001458	680.161621	66
7	1321	3624	3624	5	0	1	2	3.819833	0.001458	687.806946	7
3	1321	3671	3671	5	0	0	1	3.831949	0.001458	688.915955	3
44	148	3437	3437	5	0	1	0	2.246410	0.001458	683.734924	44
212	1518	3324	3324	5	0	1	1	2.577355	0.001458	681.230042	212
119	1473	3400	3400	6	0	1	0	3.004463	0.001458	682.938232	119
3	1089	3744	3744	5	0	0	0	3.011232	0.001458	690.356323	3
6	1772	3336	3336	6	0	1	0	3.666194	0.001458	681.417297	6
14	1321	3689	3689	5	0	1	1	3.369961	0.001458	689.299744	14
19	1089	3352	3352	5	0	1	0	2.705568	0.001458	681.800598	19
299	1321	3403	3403	5	0	1	1	3.879613	0.001458	682.968567	299
35	1544	3458	3458	5	0	1	0	2.924119	0.001458	684.230835	35
11	1876	3674	3674	9	0	1	1	4.610115	0.001458	689.003052	11
23	782	3576	3576	5	0	1	3	2.817594	0.001458	686.820801	23
30	362	3523	3523	4	0	1	1	2.686324	0.001458	685.674316	30
50	362	3520	3520	4	0	1	1	2.522634	0.001458	685.619019	50
2	1089	3647	3647	5	0	1	0	2.775905	0.001458	688.105530	2
12	270	3502	3502	4	0	1	0	2.133359	0.001458	685.165894	12
1	105	3530	3530	3	0	0	0	1.807249	0.001458	685.744934	1
13	1424	3590	3590	6	0	1	1	3.335213	0.001458	687.227356	13
10	1089	3512	3512	5	0	1	0	2.667430	0.001458	685.385193	10
45	782	3537	3537	5	0	1	2	2.802705	0.001458	686.059875	45
2	1876	3743	3743	9	0	0	1	4.303183	0.001458	690.323975	2
3	362	3524	3524	4	0	1	1	2.178479	0.001458	685.681335	3
13	1544	3557	3557	5	0	1	0	2.626829	0.001458	686.405701	13
29	2857	3589	3589	6	0	1	1	4.794640	0.001458	687.143250	29
9	362	3662	3662	4	0	0	1	2.267056	0.001458	688.718689	9
2	1321	3767	3767	5	0	0	2	3.277173	0.001458	690.778503	2
16	1876	3719	3719	9	0	1	2	3.899110	0.001458	689.863159	16
2	1473	3725	3725	6	0	0	0	2.892351	0.001458	689.994202	2
3	65	3713	3713	4	0	0	1	1.699098	0.001458	689.773621	3
3	1089	3721	3721	5	0	0	0	2.713934	0.001458	689.873718	3
1	1977	3759	3759	6	0	0	1	3.702646	0.001458	690.567505	1
1	270	3746	3746	4	0	0	0	2.195840	0.001458	690.404175	1
2	2692	3738	3738	6	0	0	2	3.918127	0.001458	690.230835	2
5	1876	3748	3748	9	0	0	2	4.071516	0.001458	690.422058	5
1	1559	3750	3750	5	0	0	0	1.918408	0.001458	690.436462	1
1	65	3766	3766	4	0	0	0	1.712353	0.001458	690.728271	1
54	1089	3616	3616	5	0	1	0	2.748014	0.001458	687.625488	54
1	1772	3652	3652	6	0	0	0	3.734179	0.001458	688.327576	1
3	979	3669	3669	4	0	0	0	1.885286	0.001458	688.886475	3
9	362	3613	3613	4	0	1	1	2.266778	0.001458	687.596802	9
1	2857	3745	3745	6	0	0	1	4.557187	0.001458	690.378540	1
11	270	3630	3630	4	0	1	0	2.298929	0.001458	687.893127	11
7	65	3632	3632	4	0	1	0	1.716463	0.001458	687.915039	7
5	782	3667	3667	5	0	1	2	2.691308	0.001458	688.840088	5
13	362	3635	3635	4	0	1	1	2.681951	0.001458	687.948120	13
4	782	3654	3654	5	0	0	2	2.858964	0.001458	688.359619	4
3	2061	3637	3637	4	0	0	0	2.146130	0.001458	687.954773	3
6	362	3670	3670	4	0	0	2	2.398162	0.001458	688.908569	6
27	1089	3640	3640	5	0	1	0	2.683951	0.001458	687.966736	27
8	270	3659	3659	4	0	0	1	2.261408	0.001458	688.624817	8
4	884	3753	3753	5	0	0	0	2.440916	0.001458	690.526245	4
9	1089	3730	3730	5	0	0	0	3.267137	0.001458	690.062927	9
2	105	3707	3707	3	0	0	0	1.736971	0.001458	689.577271	2
1	1876	3755	3755	9	0	0	3	4.438234	0.001458	690.539307	1
2	1876	3762	3762	9	0	0	1	4.251998	0.001458	690.607849	2
1	782	3757	3757	5	0	0	2	2.609418	0.001458	690.552002	1
1	105	3756	3756	3	0	0	0	1.804606	0.001458	690.541138	1
1	1089	3761	3761	5	0	0	0	2.886827	0.001458	690.605591	1
1	362	3763	3763	4	0	0	1	2.317950	0.001458	690.618164	1
