Generation	Size	Frequency	Count
0.000000	1	1.000000	1
0.000000	2	2.000000	0
0.000000	3	3.000000	0
0.000000	4	4.000000	0
0.000000	5	5.000000	0
0.000000	6	6.000000	0
0.000000	7	7.000000	0
0.000000	8	8.000000	0
0.000000	9	9.000000	0
0.000000	10	10.000000	0
10.583992	1	0.009174	0
10.583992	2	0.018349	0
10.583992	3	0.027523	0
10.583992	4	0.036697	0
10.583992	5	0.045872	0
10.583992	6	0.055046	0
10.583992	7	0.064220	0
10.583992	8	0.073394	0
10.583992	9	0.082569	0
10.583992	10	0.091743	0
10.583992	109	1.000000	1
20.618443	1	0.002667	0
20.618443	2	0.005333	0
20.618443	3	0.008000	0
20.618443	4	0.010667	0
20.618443	5	0.013333	0
20.618443	6	0.016000	0
20.618443	7	0.018667	0
20.618443	8	0.021333	0
20.618443	9	0.024000	0
20.618443	10	0.026667	0
20.618443	375	1.000000	1
30.634146	1	0.001167	0
30.634146	2	0.002334	0
30.634146	3	0.003501	0
30.634146	4	0.004667	0
30.634146	5	0.005834	0
30.634146	6	0.007001	0
30.634146	7	0.008168	0
30.634146	8	0.009335	0
30.634146	9	0.010502	0
30.634146	10	0.011669	0
30.634146	857	1.000000	1
40.638233	1	0.000676	0
40.638233	2	0.001352	0
40.638233	3	0.002028	0
40.638233	4	0.002705	0
40.638233	5	0.003381	0
40.638233	6	0.004057	0
40.638233	7	0.004733	0
40.638233	8	0.005409	0
40.638233	9	0.006085	0
40.638233	10	0.006761	0
40.638233	1479	1.000000	1
50.641968	1	0.000433	0
50.641968	2	0.000865	0
50.641968	3	0.001298	0
50.641968	4	0.001730	0
50.641968	5	0.002163	0
50.641968	6	0.002595	0
50.641968	7	0.003028	0
50.641968	8	0.003460	0
50.641968	9	0.003893	0
50.641968	10	0.004325	0
50.641968	2312	1.000000	1
60.643715	1	0.000299	0
60.643715	2	0.000599	0
60.643715	3	0.000898	0
60.643715	4	0.001197	0
60.643715	5	0.001497	0
60.643715	6	0.001796	0
60.643715	7	0.002095	0
60.643715	8	0.002394	0
60.643715	9	0.002694	0
60.643715	10	0.002993	0
60.643715	3341	1.000000	1
70.644936	1	0.000218	1
70.644936	2	0.000436	0
70.644936	3	0.000654	0
70.644936	4	0.000871	0
70.644936	5	0.001089	0
70.644936	6	0.001307	0
70.644936	7	0.001525	0
70.644936	8	0.001743	0
70.644936	9	0.001961	0
70.644936	10	0.002179	0
70.644936	4590	1.000000	1
73.490295	1	0.000200	1
73.490295	2	0.000400	0
73.490295	3	0.000600	0
73.490295	4	0.000800	0
73.490295	5	0.001000	0
73.490295	6	0.001200	0
73.490295	7	0.001400	0
73.490295	8	0.001600	0
73.490295	9	0.001800	0
73.490295	10	0.002000	0
73.490295	5000	1.000000	1
80.647095	1	0.000166	1
80.647095	2	0.000331	0
80.647095	3	0.000497	0
80.647095	4	0.000663	0
80.647095	5	0.000828	0
80.647095	6	0.000994	0
80.647095	7	0.001160	0
80.647095	8	0.001325	0
80.647095	9	0.001491	0
80.647095	10	0.001657	0
80.647095	6036	1.000000	1
90.648003	1	0.000128	1
90.648003	2	0.000255	0
90.648003	3	0.000383	0
90.648003	4	0.000511	0
90.648003	5	0.000638	0
90.648003	6	0.000766	0
90.648003	7	0.000894	0
90.648003	8	0.001021	0
90.648003	9	0.001149	0
90.648003	10	0.001276	0
90.648003	7834	1.000000	1
100.648643	1	0.000101	3
100.648643	2	0.000202	0
100.648643	3	0.000303	0
100.648643	4	0.000404	0
100.648643	5	0.000506	0
100.648643	6	0.000607	0
100.648643	7	0.000708	0
100.648643	8	0.000809	0
100.648643	9	0.000910	0
100.648643	10	0.001011	0
100.648643	9891	1.000000	1
101.120003	1	0.000100	3
101.120003	2	0.000200	0
101.120003	3	0.000300	0
101.120003	4	0.000400	0
101.120003	5	0.000500	0
101.120003	6	0.000600	0
101.120003	7	0.000700	0
101.120003	8	0.000800	0
101.120003	9	0.000900	0
101.120003	10	0.001000	0
101.120003	10000	1.000000	1
110.649292	1	0.000083	7
110.649292	2	0.000165	0
110.649292	3	0.000248	0
110.649292	4	0.000331	0
110.649292	5	0.000413	0
110.649292	6	0.000496	0
110.649292	7	0.000579	0
110.649292	8	0.000661	0
110.649292	9	0.000744	0
110.649292	10	0.000827	0
110.649292	12099	1.000000	1
120.649879	1	0.000069	9
120.649879	2	0.000137	0
120.649879	3	0.000206	0
120.649879	4	0.000275	0
120.649879	5	0.000343	0
120.649879	6	0.000412	0
120.649879	7	0.000480	0
120.649879	8	0.000549	0
120.649879	9	0.000618	0
120.649879	10	0.000686	0
120.649879	14569	1.000000	1
122.643761	1	0.000067	9
122.643761	2	0.000133	0
122.643761	3	0.000200	0
122.643761	4	0.000267	0
122.643761	5	0.000333	0
122.643761	6	0.000400	0
122.643761	7	0.000467	0
122.643761	8	0.000533	0
122.643761	9	0.000600	0
122.643761	10	0.000667	0
122.643761	15000	1.000000	1
130.650055	1	0.000058	11
130.650055	2	0.000117	0
130.650055	3	0.000175	0
130.650055	4	0.000234	0
130.650055	5	0.000292	0
130.650055	6	0.000350	0
130.650055	7	0.000409	0
130.650055	8	0.000467	0
130.650055	9	0.000525	0
130.650055	10	0.000584	0
130.650055	17130	1.000000	1
140.650543	1	0.000050	15
140.650543	2	0.000100	0
140.650543	3	0.000150	0
140.650543	4	0.000200	0
140.650543	5	0.000250	0
140.650543	6	0.000300	0
140.650543	7	0.000350	0
140.650543	8	0.000400	0
140.650543	9	0.000450	0
140.650543	10	0.000500	0
140.650543	19987	1.000000	1
140.652863	1	0.000050	15
140.652863	2	0.000100	0
140.652863	3	0.000150	0
140.652863	4	0.000200	0
140.652863	5	0.000250	0
140.652863	6	0.000300	0
140.652863	7	0.000350	0
140.652863	8	0.000400	0
140.652863	9	0.000450	0
140.652863	10	0.000500	0
140.652863	20000	1.000000	1
150.650772	1	0.000043	16
150.650772	2	0.000087	0
150.650772	3	0.000130	0
150.650772	4	0.000173	0
150.650772	5	0.000217	0
150.650772	6	0.000260	0
150.650772	7	0.000303	0
150.650772	8	0.000347	0
150.650772	9	0.000390	0
150.650772	10	0.000434	0
150.650772	23065	1.000000	1
156.692154	1	0.000040	16
156.692154	2	0.000080	0
156.692154	3	0.000120	0
156.692154	4	0.000160	0
156.692154	5	0.000200	0
156.692154	6	0.000240	0
156.692154	7	0.000280	0
156.692154	8	0.000320	0
156.692154	9	0.000360	0
156.692154	10	0.000400	0
156.692154	25000	1.000000	1
160.651077	1	0.000038	17
160.651077	2	0.000076	0
160.651077	3	0.000114	0
160.651077	4	0.000152	0
160.651077	5	0.000189	0
160.651077	6	0.000227	0
160.651077	7	0.000265	0
160.651077	8	0.000303	0
160.651077	9	0.000341	0
160.651077	10	0.000379	0
160.651077	26396	1.000000	1
170.552155	1	0.000033	21
170.552155	2	0.000067	0
170.552155	3	0.000100	0
170.552155	4	0.000133	0
170.552155	5	0.000167	0
170.552155	6	0.000200	0
170.552155	7	0.000233	0
170.552155	8	0.000267	0
170.552155	9	0.000300	0
170.552155	10	0.000333	0
170.552155	30000	1.000000	1
170.651291	1	0.000033	21
170.651291	2	0.000067	0
170.651291	3	0.000100	0
170.651291	4	0.000133	0
170.651291	5	0.000167	0
170.651291	6	0.000200	0
170.651291	7	0.000233	0
170.651291	8	0.000266	0
170.651291	9	0.000300	0
170.651291	10	0.000333	0
170.651291	30028	1.000000	1
180.651428	1	0.000030	24
180.651428	2	0.000059	0
180.651428	3	0.000089	0
180.651428	4	0.000118	0
180.651428	5	0.000148	0
180.651428	6	0.000177	0
180.651428	7	0.000207	0
180.651428	8	0.000237	0
180.651428	9	0.000266	0
180.651428	10	0.000296	0
180.651428	33809	1.000000	1
183.397476	1	0.000029	24
183.397476	2	0.000057	0
183.397476	3	0.000086	0
183.397476	4	0.000114	0
183.397476	5	0.000143	0
183.397476	6	0.000171	0
183.397476	7	0.000200	0
183.397476	8	0.000229	0
183.397476	9	0.000257	0
183.397476	10	0.000286	0
183.397476	35000	1.000000	1
190.651520	1	0.000026	27
190.651520	2	0.000053	0
190.651520	3	0.000079	0
190.651520	4	0.000105	0
190.651520	5	0.000131	0
190.651520	6	0.000158	0
190.651520	7	0.000184	0
190.651520	8	0.000210	0
190.651520	9	0.000237	0
190.651520	10	0.000263	0
190.651520	38043	1.000000	1
195.270096	1	0.000025	28
195.270096	2	0.000050	0
195.270096	3	0.000075	0
195.270096	4	0.000100	0
195.270096	5	0.000125	0
195.270096	6	0.000150	0
195.270096	7	0.000175	0
195.270096	8	0.000200	0
195.270096	9	0.000225	0
195.270096	10	0.000250	0
195.270096	40000	1.000000	1
200.651611	1	0.000024	33
200.651611	2	0.000047	0
200.651611	3	0.000071	0
200.651611	4	0.000095	0
200.651611	5	0.000118	0
200.651611	6	0.000142	0
200.651611	7	0.000166	0
200.651611	8	0.000189	0
200.651611	9	0.000213	0
200.651611	10	0.000237	0
200.651611	42280	1.000000	1
206.870804	1	0.000022	35
206.870804	2	0.000044	0
206.870804	3	0.000067	0
206.870804	4	0.000089	0
206.870804	5	0.000111	0
206.870804	6	0.000133	0
206.870804	7	0.000156	0
206.870804	8	0.000178	0
206.870804	9	0.000200	0
206.870804	10	0.000222	0
206.870804	45000	1.000000	1
210.651718	1	0.000021	39
210.651718	2	0.000043	0
210.651718	3	0.000064	0
210.651718	4	0.000086	0
210.651718	5	0.000107	0
210.651718	6	0.000128	0
210.651718	7	0.000150	0
210.651718	8	0.000171	0
210.651718	9	0.000193	0
210.651718	10	0.000214	0
210.651718	46711	1.000000	1
217.596710	1	0.000020	45
217.596710	2	0.000040	1
217.596710	3	0.000060	0
217.596710	4	0.000080	0
217.596710	5	0.000100	0
217.596710	6	0.000120	0
217.596710	7	0.000140	0
217.596710	8	0.000160	0
217.596710	9	0.000180	0
217.596710	10	0.000200	0
217.596710	50000	1.000000	1
220.651825	1	0.000019	48
220.651825	2	0.000039	0
220.651825	3	0.000058	0
220.651825	4	0.000078	0
220.651825	5	0.000097	0
220.651825	6	0.000117	0
220.651825	7	0.000136	0
220.651825	8	0.000155	0
220.651825	9	0.000175	0
220.651825	10	0.000194	0
220.651825	51491	1.000000	1
227.434509	1	0.000018	53
227.434509	2	0.000036	0
227.434509	3	0.000055	0
227.434509	4	0.000073	0
227.434509	5	0.000091	0
227.434509	6	0.000109	0
227.434509	7	0.000127	0
227.434509	8	0.000145	0
227.434509	9	0.000164	0
227.434509	10	0.000182	0
227.434509	55000	1.000000	1
230.651901	1	0.000018	54
230.651901	2	0.000035	0
230.651901	3	0.000053	0
230.651901	4	0.000071	0
230.651901	5	0.000088	0
230.651901	6	0.000106	0
230.651901	7	0.000123	0
230.651901	8	0.000141	0
230.651901	9	0.000159	0
230.651901	10	0.000176	0
230.651901	56681	1.000000	1
237.005539	1	0.000017	55
237.005539	2	0.000033	0
237.005539	3	0.000050	0
237.005539	4	0.000067	0
237.005539	5	0.000083	0
237.005539	6	0.000100	0
237.005539	7	0.000117	0
237.005539	8	0.000133	0
237.005539	9	0.000150	0
237.005539	10	0.000167	0
237.005539	60000	1.000000	1
240.651978	1	0.000016	59
240.651978	2	0.000032	2
240.651978	3	0.000048	0
240.651978	4	0.000065	0
240.651978	5	0.000081	0
240.651978	6	0.000097	0
240.651978	7	0.000113	0
240.651978	8	0.000129	0
240.651978	9	0.000145	0
240.651978	10	0.000162	0
240.651978	61908	1.000000	1
246.710892	1	0.000015	65
246.710892	2	0.000031	1
246.710892	3	0.000046	0
246.710892	4	0.000062	0
246.710892	5	0.000077	0
246.710892	6	0.000092	0
246.710892	7	0.000108	0
246.710892	8	0.000123	0
246.710892	9	0.000138	0
246.710892	10	0.000154	0
246.710892	65000	1.000000	1
250.652054	1	0.000015	70
250.652054	2	0.000030	0
250.652054	3	0.000045	0
250.652054	4	0.000060	0
250.652054	5	0.000075	0
250.652054	6	0.000089	0
250.652054	7	0.000104	0
250.652054	8	0.000119	0
250.652054	9	0.000134	0
250.652054	10	0.000149	0
250.652054	67113	1.000000	1
255.563705	1	0.000014	74
255.563705	2	0.000029	2
255.563705	3	0.000043	0
255.563705	4	0.000057	0
255.563705	5	0.000071	0
255.563705	6	0.000086	0
255.563705	7	0.000100	0
255.563705	8	0.000114	0
255.563705	9	0.000129	0
255.563705	10	0.000143	0
255.563705	70000	1.000000	1
260.652191	1	0.000014	77
260.652191	2	0.000027	1
260.652191	3	0.000041	0
260.652191	4	0.000055	0
260.652191	5	0.000069	0
260.652191	6	0.000082	0
260.652191	7	0.000096	0
260.652191	8	0.000110	0
260.652191	9	0.000124	0
260.652191	10	0.000137	0
260.652191	72860	1.000000	1
264.284729	1	0.000013	79
264.284729	2	0.000027	1
264.284729	3	0.000040	0
264.284729	4	0.000053	0
264.284729	5	0.000067	0
264.284729	6	0.000080	0
264.284729	7	0.000093	0
264.284729	8	0.000107	0
264.284729	9	0.000120	0
264.284729	10	0.000133	0
264.284729	75000	1.000000	1
270.652252	1	0.000013	85
270.652252	2	0.000025	1
270.652252	3	0.000038	0
270.652252	4	0.000051	0
270.652252	5	0.000064	0
270.652252	6	0.000076	0
270.652252	7	0.000089	0
270.652252	8	0.000102	0
270.652252	9	0.000114	0
270.652252	10	0.000127	0
270.652252	78699	1.000000	1
272.742096	1	0.000012	88
272.742096	2	0.000025	0
272.742096	3	0.000038	0
272.742096	4	0.000050	0
272.742096	5	0.000063	0
272.742096	6	0.000075	0
272.742096	7	0.000087	0
272.742096	8	0.000100	0
272.742096	9	0.000112	0
272.742096	10	0.000125	0
272.742096	80000	1.000000	1
280.652313	1	0.000012	94
280.652313	2	0.000024	1
280.652313	3	0.000035	0
280.652313	4	0.000047	0
280.652313	5	0.000059	0
280.652313	6	0.000071	0
280.652313	7	0.000083	0
280.652313	8	0.000094	0
280.652313	9	0.000106	0
280.652313	10	0.000118	0
280.652313	84790	1.000000	1
280.979980	1	0.000012	94
280.979980	2	0.000024	1
280.979980	3	0.000035	0
280.979980	4	0.000047	0
280.979980	5	0.000059	0
280.979980	6	0.000071	0
280.979980	7	0.000082	0
280.979980	8	0.000094	0
280.979980	9	0.000106	0
280.979980	10	0.000118	0
280.979980	85000	1.000000	1
288.761902	1	0.000011	100
288.761902	2	0.000022	0
288.761902	3	0.000033	0
288.761902	4	0.000044	0
288.761902	5	0.000056	0
288.761902	6	0.000067	0
288.761902	7	0.000078	0
288.761902	8	0.000089	0
288.761902	9	0.000100	0
288.761902	10	0.000111	0
288.761902	90000	1.000000	1
290.652435	1	0.000011	102
290.652435	2	0.000022	0
290.652435	3	0.000033	0
290.652435	4	0.000044	0
290.652435	5	0.000055	0
290.652435	6	0.000066	0
290.652435	7	0.000077	0
290.652435	8	0.000088	0
290.652435	9	0.000099	0
290.652435	10	0.000110	0
290.652435	91174	1.000000	1
296.858765	1	0.000011	104
296.858765	2	0.000021	1
296.858765	3	0.000032	0
296.858765	4	0.000042	0
296.858765	5	0.000053	0
296.858765	6	0.000063	0
296.858765	7	0.000074	0
296.858765	8	0.000084	0
296.858765	9	0.000095	0
296.858765	10	0.000105	0
296.858765	95000	1.000000	1
300.652466	1	0.000010	105
300.652466	2	0.000021	2
300.652466	3	0.000031	0
300.652466	4	0.000041	0
300.652466	5	0.000051	0
300.652466	6	0.000062	0
300.652466	7	0.000072	0
300.652466	8	0.000082	0
300.652466	9	0.000092	0
300.652466	10	0.000103	0
300.652466	97493	1.000000	1
304.276978	1	0.000010	111
304.276978	2	0.000020	1
304.276978	3	0.000030	0
304.276978	4	0.000040	0
304.276978	5	0.000050	0
304.276978	6	0.000060	0
304.276978	7	0.000070	0
304.276978	8	0.000080	0
304.276978	9	0.000090	0
304.276978	10	0.000100	0
304.276978	100000	1.000000	1
310.652527	1	0.000010	114
310.652527	2	0.000019	1
310.652527	3	0.000029	0
310.652527	4	0.000038	0
310.652527	5	0.000048	0
310.652527	6	0.000057	0
310.652527	7	0.000067	0
310.652527	8	0.000077	0
310.652527	9	0.000086	0
310.652527	10	0.000096	0
310.652527	104391	1.000000	1
311.472565	1	0.000010	117
311.472565	2	0.000019	0
311.472565	3	0.000029	0
311.472565	4	0.000038	0
311.472565	5	0.000048	0
311.472565	6	0.000057	0
311.472565	7	0.000067	0
311.472565	8	0.000076	0
311.472565	9	0.000086	0
311.472565	10	0.000095	0
311.472565	105000	1.000000	1
318.671692	1	0.000009	118
318.671692	2	0.000018	0
318.671692	3	0.000027	0
318.671692	4	0.000036	0
318.671692	5	0.000045	0
318.671692	6	0.000055	0
318.671692	7	0.000064	0
318.671692	8	0.000073	0
318.671692	9	0.000082	0
318.671692	10	0.000091	0
318.671692	110000	1.000000	1
320.652557	1	0.000009	119
320.652557	2	0.000018	0
320.652557	3	0.000027	0
320.652557	4	0.000036	0
320.652557	5	0.000045	0
320.652557	6	0.000054	0
320.652557	7	0.000063	0
320.652557	8	0.000072	0
320.652557	9	0.000081	0
320.652557	10	0.000090	0
320.652557	111457	1.000000	1
325.390228	1	0.000009	121
325.390228	2	0.000017	0
325.390228	3	0.000026	1
325.390228	4	0.000035	0
325.390228	5	0.000043	0
325.390228	6	0.000052	0
325.390228	7	0.000061	0
325.390228	8	0.000070	0
325.390228	9	0.000078	0
325.390228	10	0.000087	0
325.390228	115000	1.000000	1
330.652588	1	0.000008	127
330.652588	2	0.000017	0
330.652588	3	0.000025	0
330.652588	4	0.000034	0
330.652588	5	0.000042	0
330.652588	6	0.000050	0
330.652588	7	0.000059	0
330.652588	8	0.000067	0
330.652588	9	0.000076	0
330.652588	10	0.000084	0
330.652588	118931	1.000000	1
330.652588	12	0.000101	1
332.129211	1	0.000008	129
332.129211	2	0.000017	0
332.129211	3	0.000025	0
332.129211	4	0.000033	0
332.129211	5	0.000042	0
332.129211	6	0.000050	0
332.129211	7	0.000058	0
332.129211	8	0.000067	0
332.129211	9	0.000075	0
332.129211	10	0.000083	0
332.129211	120000	1.000000	1
332.129211	12	0.000100	1
338.735016	1	0.000008	140
338.735016	2	0.000016	0
338.735016	3	0.000024	0
338.735016	4	0.000032	0
338.735016	5	0.000040	0
338.735016	6	0.000048	0
338.735016	7	0.000056	0
338.735016	8	0.000064	0
338.735016	9	0.000072	0
338.735016	10	0.000080	0
338.735016	125000	1.000000	1
338.735016	12	0.000096	1
340.652618	1	0.000008	142
340.652618	2	0.000016	1
340.652618	3	0.000024	0
340.652618	4	0.000032	0
340.652618	5	0.000040	0
340.652618	6	0.000047	0
340.652618	7	0.000055	0
340.652618	8	0.000063	0
340.652618	9	0.000071	0
340.652618	10	0.000079	0
340.652618	126333	1.000000	1
340.652618	12	0.000095	1
345.408203	1	0.000008	144
345.408203	2	0.000015	0
345.408203	3	0.000023	0
345.408203	4	0.000031	0
345.408203	5	0.000038	0
345.408203	6	0.000046	0
345.408203	7	0.000054	0
345.408203	8	0.000062	0
345.408203	9	0.000069	0
345.408203	10	0.000077	0
345.408203	130000	1.000000	1
345.408203	12	0.000092	1
350.652649	1	0.000007	150
350.652649	2	0.000015	1
350.652649	3	0.000022	0
350.652649	4	0.000030	0
350.652649	5	0.000037	0
350.652649	6	0.000045	0
350.652649	7	0.000052	0
350.652649	8	0.000060	0
350.652649	9	0.000067	0
350.652649	10	0.000075	0
350.652649	133936	1.000000	1
350.652649	12	0.000090	1
351.993256	1	0.000007	154
351.993256	2	0.000015	2
351.993256	3	0.000022	0
351.993256	4	0.000030	0
351.993256	5	0.000037	0
351.993256	6	0.000044	0
351.993256	7	0.000052	0
351.993256	8	0.000059	0
351.993256	9	0.000067	0
351.993256	10	0.000074	0
351.993256	135000	1.000000	1
351.993256	12	0.000089	1
358.316315	1	0.000007	169
358.316315	2	0.000014	1
358.316315	3	0.000021	0
358.316315	4	0.000029	0
358.316315	5	0.000036	0
358.316315	6	0.000043	0
358.316315	7	0.000050	0
358.316315	8	0.000057	0
358.316315	9	0.000064	0
358.316315	10	0.000071	0
358.316315	140000	1.000000	1
358.316315	12	0.000086	1
360.652679	1	0.000007	174
360.652679	2	0.000014	0
360.652679	3	0.000021	0
360.652679	4	0.000028	0
360.652679	5	0.000035	0
360.652679	6	0.000042	0
360.652679	7	0.000049	0
360.652679	8	0.000056	0
360.652679	9	0.000063	0
360.652679	10	0.000071	0
360.652679	141795	1.000000	1
360.652679	12	0.000085	1
364.474335	1	0.000007	176
364.474335	2	0.000014	1
364.474335	3	0.000021	0
364.474335	4	0.000028	0
364.474335	5	0.000034	0
364.474335	6	0.000041	0
364.474335	7	0.000048	0
364.474335	8	0.000055	0
364.474335	9	0.000062	0
364.474335	10	0.000069	0
364.474335	145000	1.000000	1
364.474335	12	0.000083	1
370.429382	1	0.000007	183
370.429382	2	0.000013	1
370.429382	3	0.000020	0
370.429382	4	0.000027	0
370.429382	5	0.000033	0
370.429382	6	0.000040	0
370.429382	7	0.000047	0
370.429382	8	0.000053	0
370.429382	9	0.000060	0
370.429382	10	0.000067	0
370.429382	150000	1.000000	1
370.429382	12	0.000080	1
370.652710	1	0.000007	184
370.652710	2	0.000013	2
370.652710	3	0.000020	0
370.652710	4	0.000027	0
370.652710	5	0.000033	0
370.652710	6	0.000040	0
370.652710	7	0.000047	0
370.652710	8	0.000053	0
370.652710	9	0.000060	0
370.652710	10	0.000067	0
370.652710	150152	1.000000	1
370.652710	12	0.000080	1
376.267426	1	0.000006	195
376.267426	2	0.000013	1
376.267426	3	0.000019	0
376.267426	4	0.000026	0
376.267426	5	0.000032	0
376.267426	6	0.000039	0
376.267426	7	0.000045	0
376.267426	8	0.000052	0
376.267426	9	0.000058	0
376.267426	10	0.000065	0
376.267426	155000	1.000000	1
376.267426	13	0.000084	1
380.652740	1	0.000006	201
380.652740	2	0.000013	2
380.652740	3	0.000019	0
380.652740	4	0.000025	0
380.652740	5	0.000032	0
380.652740	6	0.000038	0
380.652740	7	0.000044	0
380.652740	8	0.000050	0
380.652740	9	0.000057	0
380.652740	10	0.000063	0
380.652740	158672	1.000000	1
380.652740	12	0.000076	1
382.159851	1	0.000006	203
382.159851	2	0.000012	0
382.159851	3	0.000019	0
382.159851	4	0.000025	0
382.159851	5	0.000031	0
382.159851	6	0.000038	0
382.159851	7	0.000044	0
382.159851	8	0.000050	0
382.159851	9	0.000056	0
382.159851	10	0.000063	0
382.159851	160000	1.000000	1
382.159851	12	0.000075	1
387.993927	1	0.000006	212
387.993927	2	0.000012	0
387.993927	3	0.000018	0
387.993927	4	0.000024	0
387.993927	5	0.000030	0
387.993927	6	0.000036	0
387.993927	7	0.000042	0
387.993927	8	0.000048	0
387.993927	9	0.000055	0
387.993927	10	0.000061	0
387.993927	165000	1.000000	1
387.993927	12	0.000073	1
390.652771	1	0.000006	214
390.652771	2	0.000012	0
390.652771	3	0.000018	0
390.652771	4	0.000024	0
390.652771	5	0.000030	0
390.652771	6	0.000036	0
390.652771	7	0.000042	0
390.652771	8	0.000048	0
390.652771	9	0.000054	0
390.652771	10	0.000060	0
390.652771	167257	1.000000	1
390.652771	12	0.000072	1
393.700500	1	0.000006	214
393.700500	2	0.000012	3
393.700500	3	0.000018	0
393.700500	4	0.000024	0
393.700500	5	0.000029	0
393.700500	6	0.000035	0
393.700500	7	0.000041	0
393.700500	8	0.000047	0
393.700500	9	0.000053	0
393.700500	10	0.000059	0
393.700500	170000	1.000000	1
393.700500	12	0.000071	1
399.317413	1	0.000006	224
399.317413	2	0.000011	2
399.317413	3	0.000017	0
399.317413	4	0.000023	0
399.317413	5	0.000029	0
399.317413	6	0.000034	0
399.317413	7	0.000040	0
399.317413	8	0.000046	0
399.317413	9	0.000051	0
399.317413	10	0.000057	0
399.317413	175000	1.000000	1
399.317413	12	0.000069	1
400.652802	1	0.000006	226
400.652802	2	0.000011	2
400.652802	3	0.000017	0
400.652802	4	0.000023	0
400.652802	5	0.000028	0
400.652802	6	0.000034	0
400.652802	7	0.000040	0
400.652802	8	0.000045	0
400.652802	9	0.000051	0
400.652802	10	0.000057	0
400.652802	176109	1.000000	1
400.652802	12	0.000068	1
404.983948	1	0.000006	235
404.983948	2	0.000011	2
404.983948	3	0.000017	0
404.983948	4	0.000022	0
404.983948	5	0.000028	0
404.983948	6	0.000033	0
404.983948	7	0.000039	0
404.983948	8	0.000044	0
404.983948	9	0.000050	0
404.983948	10	0.000056	0
404.983948	180000	1.000000	1
404.983948	12	0.000067	1
410.271790	1	0.000005	245
410.271790	2	0.000011	1
410.271790	3	0.000016	0
410.271790	4	0.000022	0
410.271790	5	0.000027	0
410.271790	6	0.000032	0
410.271790	7	0.000038	0
410.271790	8	0.000043	0
410.271790	9	0.000049	0
410.271790	10	0.000054	0
410.271790	185000	1.000000	1
410.271790	12	0.000065	1
410.652832	1	0.000005	244
410.652832	2	0.000011	2
410.652832	3	0.000016	0
410.652832	4	0.000022	0
410.652832	5	0.000027	0
410.652832	6	0.000032	0
410.652832	7	0.000038	0
410.652832	8	0.000043	0
410.652832	9	0.000049	0
410.652832	10	0.000054	0
410.652832	185205	1.000000	1
410.652832	12	0.000065	1
415.793091	1	0.000005	254
415.793091	2	0.000011	0
415.793091	3	0.000016	0
415.793091	4	0.000021	0
415.793091	5	0.000026	0
415.793091	6	0.000032	0
415.793091	7	0.000037	0
415.793091	8	0.000042	0
415.793091	9	0.000047	0
415.793091	10	0.000053	0
415.793091	190000	1.000000	1
415.793091	12	0.000063	1
420.652863	1	0.000005	269
420.652863	2	0.000010	1
420.652863	3	0.000015	0
420.652863	4	0.000021	0
420.652863	5	0.000026	0
420.652863	6	0.000031	0
420.652863	7	0.000036	0
420.652863	8	0.000041	0
420.652863	9	0.000046	0
420.652863	10	0.000051	0
420.652863	194351	1.000000	1
420.652863	12	0.000062	1
421.281860	1	0.000005	271
421.281860	2	0.000010	1
421.281860	3	0.000015	0
421.281860	4	0.000021	0
421.281860	5	0.000026	0
421.281860	6	0.000031	0
421.281860	7	0.000036	0
421.281860	8	0.000041	0
421.281860	9	0.000046	0
421.281860	10	0.000051	0
421.281860	195000	1.000000	1
421.281860	12	0.000062	1
426.571045	1	0.000005	278
426.571045	2	0.000010	1
426.571045	3	0.000015	1
426.571045	4	0.000020	0
426.571045	5	0.000025	0
426.571045	6	0.000030	0
426.571045	7	0.000035	0
426.571045	8	0.000040	0
426.571045	9	0.000045	0
426.571045	10	0.000050	0
426.571045	200000	1.000000	1
426.571045	12	0.000060	1
430.652893	1	0.000005	285
430.652893	2	0.000010	4
430.652893	3	0.000015	0
430.652893	4	0.000020	0
430.652893	5	0.000025	0
430.652893	6	0.000029	0
430.652893	7	0.000034	0
430.652893	8	0.000039	0
430.652893	9	0.000044	0
430.652893	10	0.000049	0
430.652893	203847	1.000000	1
430.652893	12	0.000059	1
431.675690	1	0.000005	291
431.675690	2	0.000010	0
431.675690	3	0.000015	0
431.675690	4	0.000020	0
431.675690	5	0.000024	0
431.675690	6	0.000029	0
431.675690	7	0.000034	0
431.675690	8	0.000039	0
431.675690	9	0.000044	0
431.675690	10	0.000049	0
431.675690	205000	1.000000	1
431.675690	12	0.000059	1
436.710052	1	0.000005	302
436.710052	2	0.000010	3
436.710052	3	0.000014	0
436.710052	4	0.000019	0
436.710052	5	0.000024	0
436.710052	6	0.000029	0
436.710052	7	0.000033	0
436.710052	8	0.000038	0
436.710052	9	0.000043	0
436.710052	10	0.000048	0
436.710052	210000	1.000000	1
436.710052	12	0.000057	1
440.652924	1	0.000005	318
440.652924	2	0.000009	0
440.652924	3	0.000014	0
440.652924	4	0.000019	0
440.652924	5	0.000023	0
440.652924	6	0.000028	0
440.652924	7	0.000033	0
440.652924	8	0.000037	0
440.652924	9	0.000042	0
440.652924	10	0.000047	0
440.652924	213964	1.000000	1
440.652924	12	0.000056	1
441.581573	1	0.000005	320
441.581573	2	0.000009	1
441.581573	3	0.000014	0
441.581573	4	0.000019	0
441.581573	5	0.000023	0
441.581573	6	0.000028	0
441.581573	7	0.000033	0
441.581573	8	0.000037	0
441.581573	9	0.000042	0
441.581573	10	0.000047	0
441.581573	215000	1.000000	1
441.581573	12	0.000056	1
446.633789	1	0.000005	325
446.633789	2	0.000009	1
446.633789	3	0.000014	0
446.633789	4	0.000018	0
446.633789	5	0.000023	0
446.633789	6	0.000027	0
446.633789	7	0.000032	0
446.633789	8	0.000036	0
446.633789	9	0.000041	0
446.633789	10	0.000045	0
446.633789	220000	1.000000	1
446.633789	12	0.000055	1
450.652954	1	0.000004	331
450.652954	2	0.000009	1
450.652954	3	0.000013	0
450.652954	4	0.000018	0
450.652954	5	0.000022	0
450.652954	6	0.000027	0
450.652954	7	0.000031	0
450.652954	8	0.000036	0
450.652954	9	0.000040	0
450.652954	10	0.000045	0
450.652954	224115	1.000000	1
450.652954	12	0.000054	1
451.414825	1	0.000004	331
451.414825	2	0.000009	1
451.414825	3	0.000013	0
451.414825	4	0.000018	0
451.414825	5	0.000022	0
451.414825	6	0.000027	0
451.414825	7	0.000031	0
451.414825	8	0.000036	0
451.414825	9	0.000040	0
451.414825	10	0.000044	0
451.414825	225000	1.000000	1
451.414825	12	0.000053	1
456.188385	1	0.000004	340
456.188385	2	0.000009	4
456.188385	3	0.000013	0
456.188385	4	0.000017	0
456.188385	5	0.000022	0
456.188385	6	0.000026	0
456.188385	7	0.000030	0
456.188385	8	0.000035	0
456.188385	9	0.000039	0
456.188385	10	0.000043	0
456.188385	230000	1.000000	1
456.188385	12	0.000052	1
460.652954	1	0.000004	353
460.652954	2	0.000009	3
460.652954	3	0.000013	0
460.652954	4	0.000017	0
460.652954	5	0.000021	0
460.652954	6	0.000026	0
460.652954	7	0.000030	0
460.652954	8	0.000034	0
460.652954	9	0.000038	0
460.652954	10	0.000043	0
460.652954	234613	1.000000	1
460.652954	12	0.000051	1
460.935669	1	0.000004	354
460.935669	2	0.000009	2
460.935669	3	0.000013	0
460.935669	4	0.000017	0
460.935669	5	0.000021	0
460.935669	6	0.000026	0
460.935669	7	0.000030	0
460.935669	8	0.000034	0
460.935669	9	0.000038	0
460.935669	10	0.000043	0
460.935669	235000	1.000000	1
460.935669	12	0.000051	1
465.539215	1	0.000004	367
465.539215	2	0.000008	1
465.539215	3	0.000012	0
465.539215	4	0.000017	0
465.539215	5	0.000021	0
465.539215	6	0.000025	0
465.539215	7	0.000029	0
465.539215	8	0.000033	0
465.539215	9	0.000038	0
465.539215	10	0.000042	0
465.539215	240000	1.000000	1
465.539215	12	0.000050	1
470.275574	1	0.000004	376
470.275574	2	0.000008	3
470.275574	3	0.000012	0
470.275574	4	0.000016	0
470.275574	5	0.000020	0
470.275574	6	0.000024	0
470.275574	7	0.000029	0
470.275574	8	0.000033	0
470.275574	9	0.000037	0
470.275574	10	0.000041	0
470.275574	245000	1.000000	1
470.275574	12	0.000049	1
470.652985	1	0.000004	380
470.652985	2	0.000008	1
470.652985	3	0.000012	0
470.652985	4	0.000016	0
470.652985	5	0.000020	0
470.652985	6	0.000024	0
470.652985	7	0.000029	0
470.652985	8	0.000033	0
470.652985	9	0.000037	0
470.652985	10	0.000041	0
470.652985	245304	1.000000	1
470.652985	12	0.000049	1
475.155182	1	0.000004	397
475.155182	2	0.000008	1
475.155182	3	0.000012	0
475.155182	4	0.000016	0
475.155182	5	0.000020	0
475.155182	6	0.000024	0
475.155182	7	0.000028	0
475.155182	8	0.000032	0
475.155182	9	0.000036	0
475.155182	10	0.000040	0
475.155182	250000	1.000000	1
475.155182	12	0.000048	1
479.801575	1	0.000004	409
479.801575	2	0.000008	2
479.801575	3	0.000012	0
479.801575	4	0.000016	0
479.801575	5	0.000020	0
479.801575	6	0.000024	0
479.801575	7	0.000027	0
479.801575	8	0.000031	0
479.801575	9	0.000035	0
479.801575	10	0.000039	0
479.801575	255000	1.000000	1
479.801575	12	0.000047	1
480.652985	1	0.000004	411
480.652985	2	0.000008	5
480.652985	3	0.000012	0
480.652985	4	0.000016	0
480.652985	5	0.000020	0
480.652985	6	0.000023	0
480.652985	7	0.000027	0
480.652985	8	0.000031	0
480.652985	9	0.000035	0
480.652985	10	0.000039	0
480.652985	255723	1.000000	1
480.652985	12	0.000047	1
484.556824	1	0.000004	416
484.556824	2	0.000008	2
484.556824	3	0.000012	0
484.556824	4	0.000015	0
484.556824	5	0.000019	0
484.556824	6	0.000023	1
484.556824	7	0.000027	0
484.556824	8	0.000031	0
484.556824	9	0.000035	0
484.556824	10	0.000038	0
484.556824	260000	1.000000	1
484.556824	12	0.000046	1
488.952545	1	0.000004	429
488.952545	2	0.000008	4
488.952545	3	0.000011	1
488.952545	4	0.000015	0
488.952545	5	0.000019	0
488.952545	6	0.000023	0
488.952545	7	0.000026	0
488.952545	8	0.000030	0
488.952545	9	0.000034	0
488.952545	10	0.000038	0
488.952545	265000	1.000000	1
488.952545	13	0.000049	1
488.952545	29	0.000109	1
490.653015	1	0.000004	436
490.653015	2	0.000007	5
490.653015	3	0.000011	0
490.653015	4	0.000015	0
490.653015	5	0.000019	0
490.653015	6	0.000022	0
490.653015	7	0.000026	0
490.653015	8	0.000030	0
490.653015	9	0.000034	0
490.653015	10	0.000037	0
490.653015	266872	1.000000	1
490.653015	12	0.000045	1
490.653015	37	0.000139	1
493.512970	1	0.000004	447
493.512970	2	0.000007	3
493.512970	3	0.000011	0
493.512970	4	0.000015	0
493.512970	5	0.000019	0
493.512970	6	0.000022	0
493.512970	7	0.000026	0
493.512970	8	0.000030	0
493.512970	9	0.000033	0
493.512970	10	0.000037	0
493.512970	270000	1.000000	1
493.512970	12	0.000044	1
493.512970	65	0.000241	1
497.961609	1	0.000004	466
497.961609	2	0.000007	0
497.961609	3	0.000011	0
497.961609	4	0.000015	0
497.961609	5	0.000018	0
497.961609	6	0.000022	0
497.961609	7	0.000025	0
497.961609	8	0.000029	0
497.961609	9	0.000033	0
497.961609	10	0.000036	0
497.961609	275000	1.000000	1
497.961609	12	0.000044	1
497.961609	108	0.000393	1
500.653046	1	0.000004	472
500.653046	2	0.000007	3
500.653046	3	0.000011	0
500.653046	4	0.000014	0
500.653046	5	0.000018	0
500.653046	6	0.000022	0
500.653046	7	0.000025	0
500.653046	8	0.000029	0
500.653046	9	0.000032	0
500.653046	10	0.000036	0
500.653046	278160	1.000000	1
500.653046	13	0.000047	1
500.653046	123	0.000442	1
502.157135	1	0.000004	475
502.157135	2	0.000007	3
502.157135	3	0.000011	0
502.157135	4	0.000014	0
502.157135	5	0.000018	0
502.157135	6	0.000021	0
502.157135	7	0.000025	0
502.157135	8	0.000029	0
502.157135	9	0.000032	0
502.157135	10	0.000036	0
502.157135	280000	1.000000	1
502.157135	12	0.000043	1
502.157135	139	0.000496	1
506.571991	1	0.000004	486
506.571991	2	0.000007	2
506.571991	3	0.000011	0
506.571991	4	0.000014	0
506.571991	5	0.000018	0
506.571991	6	0.000021	0
506.571991	7	0.000025	0
506.571991	8	0.000028	0
506.571991	9	0.000032	0
506.571991	10	0.000035	0
506.571991	285000	1.000000	1
506.571991	12	0.000042	1
506.571991	170	0.000596	1
510.653076	1	0.000003	501
510.653076	2	0.000007	2
510.653076	3	0.000010	0
510.653076	4	0.000014	0
510.653076	5	0.000017	0
510.653076	6	0.000021	0
510.653076	7	0.000024	0
510.653076	8	0.000028	0
510.653076	9	0.000031	0
510.653076	10	0.000035	0
510.653076	289640	1.000000	1
510.653076	13	0.000045	1
510.653076	180	0.000621	1
510.885132	1	0.000003	502
510.885132	2	0.000007	1
510.885132	3	0.000010	0
510.885132	4	0.000014	0
510.885132	5	0.000017	0
510.885132	6	0.000021	0
510.885132	7	0.000024	0
510.885132	8	0.000028	0
510.885132	9	0.000031	0
510.885132	10	0.000034	0
510.885132	290000	1.000000	1
510.885132	12	0.000041	1
510.885132	182	0.000628	1
515.223694	1	0.000003	515
515.223694	2	0.000007	1
515.223694	3	0.000010	0
515.223694	4	0.000014	0
515.223694	5	0.000017	0
515.223694	6	0.000020	0
515.223694	7	0.000024	0
515.223694	8	0.000027	0
515.223694	9	0.000031	0
515.223694	10	0.000034	0
515.223694	295000	1.000000	1
515.223694	12	0.000041	1
515.223694	197	0.000668	1
519.301392	1	0.000003	528
519.301392	2	0.000007	2
519.301392	3	0.000010	0
519.301392	4	0.000013	0
519.301392	5	0.000017	0
519.301392	6	0.000020	0
519.301392	7	0.000023	0
519.301392	8	0.000027	0
519.301392	9	0.000030	0
519.301392	10	0.000033	0
519.301392	300000	1.000000	1
519.301392	12	0.000040	1
519.301392	209	0.000697	1
520.653076	1	0.000003	529
520.653076	2	0.000007	3
520.653076	3	0.000010	0
520.653076	4	0.000013	0
520.653076	5	0.000017	0
520.653076	6	0.000020	0
520.653076	7	0.000023	0
520.653076	8	0.000027	0
520.653076	9	0.000030	0
520.653076	10	0.000033	0
520.653076	301516	1.000000	1
520.653076	12	0.000040	1
520.653076	217	0.000720	1
523.428711	1	0.000003	537
523.428711	2	0.000007	4
523.428711	3	0.000010	0
523.428711	4	0.000013	0
523.428711	5	0.000016	0
523.428711	6	0.000020	0
523.428711	7	0.000023	0
523.428711	8	0.000026	0
523.428711	9	0.000030	0
523.428711	10	0.000033	0
523.428711	305000	1.000000	1
523.428711	12	0.000039	1
523.428711	236	0.000774	1
527.482910	1	0.000003	556
527.482910	2	0.000006	2
527.482910	3	0.000010	0
527.482910	4	0.000013	0
527.482910	5	0.000016	0
527.482910	6	0.000019	0
527.482910	7	0.000023	0
527.482910	8	0.000026	0
527.482910	9	0.000029	0
527.482910	10	0.000032	0
527.482910	310000	1.000000	1
527.482910	12	0.000039	1
527.482910	257	0.000829	1
530.653076	1	0.000003	569
530.653076	2	0.000006	3
530.653076	3	0.000010	0
530.653076	4	0.000013	0
530.653076	5	0.000016	0
530.653076	6	0.000019	0
530.653076	7	0.000022	0
530.653076	8	0.000025	0
530.653076	9	0.000029	0
530.653076	10	0.000032	0
530.653076	313794	1.000000	1
530.653076	13	0.000041	1
530.653076	280	0.000892	1
531.646179	1	0.000003	571
531.646179	2	0.000006	3
531.646179	3	0.000010	0
531.646179	4	0.000013	0
531.646179	5	0.000016	0
531.646179	6	0.000019	0
531.646179	7	0.000022	0
531.646179	8	0.000025	0
531.646179	9	0.000029	0
531.646179	10	0.000032	0
531.646179	315000	1.000000	1
531.646179	12	0.000038	1
531.646179	287	0.000911	1
535.738525	1	0.000003	573
535.738525	2	0.000006	9
535.738525	3	0.000009	0
535.738525	4	0.000012	0
535.738525	5	0.000016	0
535.738525	6	0.000019	0
535.738525	7	0.000022	0
535.738525	8	0.000025	0
535.738525	9	0.000028	0
535.738525	10	0.000031	0
535.738525	320000	1.000000	1
535.738525	12	0.000038	1
535.738525	320	0.001000	1
539.882874	1	0.000003	596
539.882874	2	0.000006	2
539.882874	3	0.000009	0
539.882874	4	0.000012	0
539.882874	5	0.000015	0
539.882874	6	0.000018	0
539.882874	7	0.000022	0
539.882874	8	0.000025	0
539.882874	9	0.000028	0
539.882874	10	0.000031	0
539.882874	325000	1.000000	1
539.882874	13	0.000040	1
539.882874	362	0.001114	1
540.653137	1	0.000003	597
540.653137	2	0.000006	4
540.653137	3	0.000009	0
540.653137	4	0.000012	0
540.653137	5	0.000015	0
540.653137	6	0.000018	0
540.653137	7	0.000021	0
540.653137	8	0.000025	0
540.653137	9	0.000028	0
540.653137	10	0.000031	0
540.653137	326083	1.000000	1
540.653137	13	0.000040	1
540.653137	371	0.001138	1
543.812683	1	0.000003	606
543.812683	2	0.000006	3
543.812683	3	0.000009	0
543.812683	4	0.000012	0
543.812683	5	0.000015	0
543.812683	6	0.000018	0
543.812683	7	0.000021	0
543.812683	8	0.000024	0
543.812683	9	0.000027	0
543.812683	10	0.000030	0
543.812683	330000	1.000000	1
543.812683	12	0.000036	1
543.812683	402	0.001218	1
547.844238	1	0.000003	620
547.844238	2	0.000006	2
547.844238	3	0.000009	0
547.844238	4	0.000012	0
547.844238	5	0.000015	0
547.844238	6	0.000018	0
547.844238	7	0.000021	0
547.844238	8	0.000024	0
547.844238	9	0.000027	0
547.844238	10	0.000030	0
547.844238	335000	1.000000	1
547.844238	12	0.000036	1
547.844238	436	0.001301	1
550.653137	1	0.000003	630
550.653137	2	0.000006	3
550.653137	3	0.000009	0
550.653137	4	0.000012	0
550.653137	5	0.000015	0
550.653137	6	0.000018	0
550.653137	7	0.000021	0
550.653137	8	0.000024	0
550.653137	9	0.000027	0
550.653137	10	0.000030	0
550.653137	338490	1.000000	1
550.653137	13	0.000038	1
550.653137	475	0.001403	1
551.826843	1	0.000003	631
551.826843	2	0.000006	5
551.826843	3	0.000009	0
551.826843	4	0.000012	0
551.826843	5	0.000015	0
551.826843	6	0.000018	0
551.826843	7	0.000021	0
551.826843	8	0.000024	0
551.826843	9	0.000026	0
551.826843	10	0.000029	0
551.826843	340000	1.000000	1
551.826843	12	0.000035	1
551.826843	489	0.001438	1
555.915161	1	0.000003	652
555.915161	2	0.000006	4
555.915161	3	0.000009	0
555.915161	4	0.000012	0
555.915161	5	0.000014	0
555.915161	6	0.000017	0
555.915161	7	0.000020	0
555.915161	8	0.000023	0
555.915161	9	0.000026	0
555.915161	10	0.000029	0
555.915161	345000	1.000000	1
555.915161	12	0.000035	1
555.915161	572	0.001658	1
559.909607	1	0.000003	663
559.909607	2	0.000006	6
559.909607	3	0.000009	0
559.909607	4	0.000011	0
559.909607	5	0.000014	0
559.909607	6	0.000017	0
559.909607	7	0.000020	0
559.909607	8	0.000023	0
559.909607	9	0.000026	0
559.909607	10	0.000029	0
559.909607	350000	1.000000	1
559.909607	12	0.000034	1
559.909607	640	0.001829	1
560.653137	1	0.000003	673
560.653137	2	0.000006	3
560.653137	3	0.000009	0
560.653137	4	0.000011	0
560.653137	5	0.000014	0
560.653137	6	0.000017	0
560.653137	7	0.000020	0
560.653137	8	0.000023	0
560.653137	9	0.000026	0
560.653137	10	0.000028	0
560.653137	350889	1.000000	1
560.653137	12	0.000034	1
560.653137	652	0.001858	1
563.819885	1	0.000003	684
563.819885	2	0.000006	4
563.819885	3	0.000008	0
563.819885	4	0.000011	0
563.819885	5	0.000014	0
563.819885	6	0.000017	0
563.819885	7	0.000020	0
563.819885	8	0.000023	0
563.819885	9	0.000025	0
563.819885	10	0.000028	0
563.819885	355000	1.000000	1
563.819885	12	0.000034	1
563.819885	714	0.002011	1
567.691833	1	0.000003	697
567.691833	2	0.000006	4
567.691833	3	0.000008	0
567.691833	4	0.000011	0
567.691833	5	0.000014	0
567.691833	6	0.000017	0
567.691833	7	0.000019	0
567.691833	8	0.000022	0
567.691833	9	0.000025	0
567.691833	10	0.000028	0
567.691833	360000	1.000000	1
567.691833	12	0.000033	1
567.691833	809	0.002247	1
570.653137	1	0.000003	710
570.653137	2	0.000005	3
570.653137	3	0.000008	0
570.653137	4	0.000011	0
570.653137	5	0.000014	0
570.653137	6	0.000016	0
570.653137	7	0.000019	0
570.653137	8	0.000022	0
570.653137	9	0.000025	0
570.653137	10	0.000027	0
570.653137	363917	1.000000	1
570.653137	12	0.000033	1
570.653137	896	0.002462	1
571.403809	1	0.000003	713
571.403809	2	0.000005	4
571.403809	3	0.000008	0
571.403809	4	0.000011	0
571.403809	5	0.000014	0
571.403809	6	0.000016	0
571.403809	7	0.000019	0
571.403809	8	0.000022	0
571.403809	9	0.000025	0
571.403809	10	0.000027	0
571.403809	365000	1.000000	1
571.403809	12	0.000033	1
571.403809	915	0.002507	1
575.223145	1	0.000003	728
575.223145	2	0.000005	2
575.223145	3	0.000008	0
575.223145	4	0.000011	0
575.223145	5	0.000014	0
575.223145	6	0.000016	0
575.223145	7	0.000019	0
575.223145	8	0.000022	0
575.223145	9	0.000024	0
575.223145	10	0.000027	0
575.223145	370000	1.000000	1
575.223145	12	0.000032	1
575.223145	1015	0.002743	1
578.954163	1	0.000003	740
578.954163	2	0.000005	3
578.954163	3	0.000008	0
578.954163	4	0.000011	0
578.954163	5	0.000013	0
578.954163	6	0.000016	0
578.954163	7	0.000019	0
578.954163	8	0.000021	0
578.954163	9	0.000024	0
578.954163	10	0.000027	0
578.954163	375000	1.000000	1
578.954163	12	0.000032	1
578.954163	1105	0.002947	1
580.653137	1	0.000003	748
580.653137	2	0.000005	6
580.653137	3	0.000008	0
580.653137	4	0.000011	0
580.653137	5	0.000013	0
580.653137	6	0.000016	0
580.653137	7	0.000019	0
580.653137	8	0.000021	0
580.653137	9	0.000024	0
580.653137	10	0.000027	0
580.653137	377132	1.000000	1
580.653137	12	0.000032	1
580.653137	1128	0.002991	1
582.740417	1	0.000003	759
582.740417	2	0.000005	5
582.740417	3	0.000008	0
582.740417	4	0.000011	0
582.740417	5	0.000013	0
582.740417	6	0.000016	0
582.740417	7	0.000018	0
582.740417	8	0.000021	0
582.740417	9	0.000024	0
582.740417	10	0.000026	0
582.740417	380000	1.000000	1
582.740417	12	0.000032	1
582.740417	1181	0.003108	1
586.341125	1	0.000003	772
586.341125	2	0.000005	4
586.341125	3	0.000008	0
586.341125	4	0.000010	0
586.341125	5	0.000013	0
586.341125	6	0.000016	0
586.341125	7	0.000018	0
586.341125	8	0.000021	0
586.341125	9	0.000023	0
586.341125	10	0.000026	0
586.341125	385000	1.000000	1
586.341125	12	0.000031	1
586.341125	1273	0.003306	1
590.011292	1	0.000003	785
590.011292	2	0.000005	6
590.011292	3	0.000008	0
590.011292	4	0.000010	0
590.011292	5	0.000013	0
590.011292	6	0.000015	0
590.011292	7	0.000018	0
590.011292	8	0.000021	0
590.011292	9	0.000023	0
590.011292	10	0.000026	0
590.011292	390000	1.000000	1
590.011292	12	0.000031	1
590.011292	1367	0.003505	1
590.653137	1	0.000003	794
590.653137	2	0.000005	2
590.653137	3	0.000008	0
590.653137	4	0.000010	0
590.653137	5	0.000013	0
590.653137	6	0.000015	0
590.653137	7	0.000018	0
590.653137	8	0.000020	0
590.653137	9	0.000023	0
590.653137	10	0.000026	0
590.653137	390767	1.000000	1
590.653137	12	0.000031	1
590.653137	1384	0.003542	1
593.659546	1	0.000003	809
593.659546	2	0.000005	1
593.659546	3	0.000008	0
593.659546	4	0.000010	0
593.659546	5	0.000013	0
593.659546	6	0.000015	0
593.659546	7	0.000018	0
593.659546	8	0.000020	0
593.659546	9	0.000023	0
593.659546	10	0.000025	0
593.659546	395000	1.000000	1
593.659546	12	0.000030	1
593.659546	1459	0.003694	1
597.242249	1	0.000002	823
597.242249	2	0.000005	6
597.242249	3	0.000007	0
597.242249	4	0.000010	0
597.242249	5	0.000012	0
597.242249	6	0.000015	0
597.242249	7	0.000018	0
597.242249	8	0.000020	0
597.242249	9	0.000023	0
597.242249	10	0.000025	0
597.242249	400000	1.000000	1
597.242249	12	0.000030	1
597.242249	1553	0.003883	1
600.653198	1	0.000002	834
600.653198	2	0.000005	6
600.653198	3	0.000007	0
600.653198	4	0.000010	0
600.653198	5	0.000012	0
600.653198	6	0.000015	0
600.653198	7	0.000017	0
600.653198	8	0.000020	0
600.653198	9	0.000022	0
600.653198	10	0.000025	0
600.653198	404680	1.000000	1
600.653198	12	0.000030	1
600.653198	1635	0.004040	1
600.808044	1	0.000002	836
600.808044	2	0.000005	5
600.808044	3	0.000007	0
600.808044	4	0.000010	0
600.808044	5	0.000012	0
600.808044	6	0.000015	0
600.808044	7	0.000017	0
600.808044	8	0.000020	0
600.808044	9	0.000022	0
600.808044	10	0.000025	0
600.808044	405000	1.000000	1
600.808044	12	0.000030	1
600.808044	1651	0.004077	1
604.465332	1	0.000002	853
604.465332	2	0.000005	2
604.465332	3	0.000007	0
604.465332	4	0.000010	0
604.465332	5	0.000012	0
604.465332	6	0.000015	0
604.465332	7	0.000017	0
604.465332	8	0.000020	0
604.465332	9	0.000022	0
604.465332	10	0.000024	0
604.465332	410000	1.000000	1
604.465332	12	0.000029	1
604.465332	1769	0.004315	1
608.022705	1	0.000002	870
608.022705	2	0.000005	3
608.022705	3	0.000007	0
608.022705	4	0.000010	0
608.022705	5	0.000012	0
608.022705	6	0.000014	0
608.022705	7	0.000017	0
608.022705	8	0.000019	0
608.022705	9	0.000022	0
608.022705	10	0.000024	0
608.022705	415000	1.000000	1
608.022705	12	0.000029	1
608.022705	1913	0.004610	1
610.653198	1	0.000002	890
610.653198	2	0.000005	3
610.653198	3	0.000007	1
610.653198	4	0.000010	0
610.653198	5	0.000012	0
610.653198	6	0.000014	0
610.653198	7	0.000017	0
610.653198	8	0.000019	0
610.653198	9	0.000021	0
610.653198	10	0.000024	0
610.653198	418659	1.000000	1
610.653198	12	0.000029	1
610.653198	2006	0.004791	1
611.553406	1	0.000002	892
611.553406	2	0.000005	2
611.553406	3	0.000007	1
611.553406	4	0.000010	0
611.553406	5	0.000012	0
611.553406	6	0.000014	0
611.553406	7	0.000017	0
611.553406	8	0.000019	0
611.553406	9	0.000021	0
611.553406	10	0.000024	0
611.553406	420000	1.000000	1
611.553406	12	0.000029	1
611.553406	2051	0.004883	1
614.927673	1	0.000002	906
614.927673	2	0.000005	9
614.927673	3	0.000007	1
614.927673	4	0.000009	0
614.927673	5	0.000012	0
614.927673	6	0.000014	0
614.927673	7	0.000016	0
614.927673	8	0.000019	0
614.927673	9	0.000021	0
614.927673	10	0.000024	0
614.927673	425000	1.000000	1
614.927673	12	0.000028	1
614.927673	2185	0.005141	1
618.450012	1	0.000002	929
618.450012	2	0.000005	2
618.450012	3	0.000007	1
618.450012	4	0.000009	0
618.450012	5	0.000012	0
618.450012	6	0.000014	0
618.450012	7	0.000016	0
618.450012	8	0.000019	0
618.450012	9	0.000021	0
618.450012	10	0.000023	0
618.450012	430000	1.000000	1
618.450012	12	0.000028	1
618.450012	2333	0.005426	1
620.653198	1	0.000002	932
620.653198	2	0.000005	5
620.653198	3	0.000007	1
620.653198	4	0.000009	0
620.653198	5	0.000012	0
620.653198	6	0.000014	0
620.653198	7	0.000016	0
620.653198	8	0.000018	0
620.653198	9	0.000021	0
620.653198	10	0.000023	0
620.653198	433105	1.000000	1
620.653198	12	0.000028	1
620.653198	2427	0.005604	1
621.904114	1	0.000002	935
621.904114	2	0.000005	5
621.904114	3	0.000007	1
621.904114	4	0.000009	0
621.904114	5	0.000011	0
621.904114	6	0.000014	0
621.904114	7	0.000016	0
621.904114	8	0.000018	0
621.904114	9	0.000021	0
621.904114	10	0.000023	0
621.904114	435000	1.000000	1
621.904114	12	0.000028	1
621.904114	2488	0.005720	1
625.347229	1	0.000002	949
625.347229	2	0.000005	4
625.347229	3	0.000007	1
625.347229	4	0.000009	0
625.347229	5	0.000011	0
625.347229	6	0.000014	0
625.347229	7	0.000016	0
625.347229	8	0.000018	0
625.347229	9	0.000020	0
625.347229	10	0.000023	0
625.347229	440000	1.000000	1
625.347229	12	0.000027	1
625.347229	2668	0.006064	1
628.803406	1	0.000002	960
628.803406	2	0.000004	6
628.803406	3	0.000007	1
628.803406	4	0.000009	0
628.803406	5	0.000011	0
628.803406	6	0.000013	0
628.803406	7	0.000016	0
628.803406	8	0.000018	0
628.803406	9	0.000020	0
628.803406	10	0.000022	0
628.803406	445000	1.000000	1
628.803406	12	0.000027	1
628.803406	2868	0.006445	1
630.653198	1	0.000002	970
630.653198	2	0.000004	3
630.653198	3	0.000007	1
630.653198	4	0.000009	0
630.653198	5	0.000011	0
630.653198	6	0.000013	0
630.653198	7	0.000016	0
630.653198	8	0.000018	0
630.653198	9	0.000020	0
630.653198	10	0.000022	0
630.653198	447721	1.000000	1
630.653198	12	0.000027	1
630.653198	2968	0.006629	1
632.201111	1	0.000002	976
632.201111	2	0.000004	5
632.201111	3	0.000007	1
632.201111	4	0.000009	0
632.201111	5	0.000011	0
632.201111	6	0.000013	0
632.201111	7	0.000016	0
632.201111	8	0.000018	0
632.201111	9	0.000020	0
632.201111	10	0.000022	0
632.201111	450000	1.000000	1
632.201111	12	0.000027	1
632.201111	3053	0.006784	1
635.429382	1	0.000002	994
635.429382	2	0.000004	3
635.429382	3	0.000007	1
635.429382	4	0.000009	0
635.429382	5	0.000011	0
635.429382	6	0.000013	0
635.429382	7	0.000015	0
635.429382	8	0.000018	0
635.429382	9	0.000020	0
635.429382	10	0.000022	0
635.429382	455000	1.000000	1
635.429382	13	0.000029	1
635.429382	3221	0.007079	1
638.701965	1	0.000002	999
638.701965	2	0.000004	7
638.701965	3	0.000007	1
638.701965	4	0.000009	0
638.701965	5	0.000011	0
638.701965	6	0.000013	0
638.701965	7	0.000015	0
638.701965	8	0.000017	0
638.701965	9	0.000020	0
638.701965	10	0.000022	0
638.701965	460000	1.000000	1
638.701965	13	0.000028	1
638.701965	3385	0.007359	1
640.653198	1	0.000002	1006
640.653198	2	0.000004	8
640.653198	3	0.000006	1
640.653198	4	0.000009	0
640.653198	5	0.000011	0
640.653198	6	0.000013	0
640.653198	7	0.000015	0
640.653198	8	0.000017	0
640.653198	9	0.000019	0
640.653198	10	0.000022	0
640.653198	463002	1.000000	1
640.653198	12	0.000026	1
640.653198	3480	0.007516	1
641.913330	1	0.000002	1010
641.913330	2	0.000004	7
641.913330	3	0.000006	1
641.913330	4	0.000009	0
641.913330	5	0.000011	0
641.913330	6	0.000013	0
641.913330	7	0.000015	0
641.913330	8	0.000017	0
641.913330	9	0.000019	0
641.913330	10	0.000022	0
641.913330	465000	1.000000	1
641.913330	12	0.000026	1
641.913330	3550	0.007634	1
645.259827	1	0.000002	1030
645.259827	2	0.000004	4
645.259827	3	0.000006	1
645.259827	4	0.000009	0
645.259827	5	0.000011	0
645.259827	6	0.000013	0
645.259827	7	0.000015	0
645.259827	8	0.000017	0
645.259827	9	0.000019	0
645.259827	10	0.000021	0
645.259827	470000	1.000000	1
645.259827	12	0.000026	1
645.259827	3718	0.007911	1
648.631897	1	0.000002	1045
648.631897	2	0.000004	8
648.631897	3	0.000006	1
648.631897	4	0.000008	0
648.631897	5	0.000011	0
648.631897	6	0.000013	0
648.631897	7	0.000015	0
648.631897	8	0.000017	0
648.631897	9	0.000019	0
648.631897	10	0.000021	0
648.631897	475000	1.000000	1
648.631897	12	0.000025	1
648.631897	3910	0.008232	1
650.653259	1	0.000002	1056
650.653259	2	0.000004	5
650.653259	3	0.000006	2
650.653259	4	0.000008	0
650.653259	5	0.000010	0
650.653259	6	0.000013	0
650.653259	7	0.000015	0
650.653259	8	0.000017	0
650.653259	9	0.000019	0
650.653259	10	0.000021	0
650.653259	478029	1.000000	1
650.653259	12	0.000025	1
650.653259	4010	0.008389	1
651.887512	1	0.000002	1063
651.887512	2	0.000004	4
651.887512	3	0.000006	2
651.887512	4	0.000008	0
651.887512	5	0.000010	0
651.887512	6	0.000012	0
651.887512	7	0.000015	0
651.887512	8	0.000017	0
651.887512	9	0.000019	0
651.887512	10	0.000021	0
651.887512	480000	1.000000	1
651.887512	12	0.000025	1
651.887512	4081	0.008502	1
655.235901	1	0.000002	1084
655.235901	2	0.000004	3
655.235901	3	0.000006	1
655.235901	4	0.000008	0
655.235901	5	0.000010	0
655.235901	6	0.000012	0
655.235901	7	0.000014	0
655.235901	8	0.000016	1
655.235901	9	0.000019	0
655.235901	10	0.000021	0
655.235901	485000	1.000000	1
655.235901	12	0.000025	1
655.235901	4310	0.008887	1
658.600891	1	0.000002	1095
658.600891	2	0.000004	9
658.600891	3	0.000006	1
658.600891	4	0.000008	0
658.600891	5	0.000010	0
658.600891	6	0.000012	0
658.600891	7	0.000014	0
658.600891	8	0.000016	0
658.600891	9	0.000018	0
658.600891	10	0.000020	0
658.600891	490000	1.000000	1
658.600891	12	0.000024	1
658.600891	4521	0.009227	1
658.600891	14	0.000029	1
660.653259	1	0.000002	1108
660.653259	2	0.000004	4
660.653259	3	0.000006	1
660.653259	4	0.000008	0
660.653259	5	0.000010	0
660.653259	6	0.000012	0
660.653259	7	0.000014	0
660.653259	8	0.000016	0
660.653259	9	0.000018	0
660.653259	10	0.000020	0
660.653259	492947	1.000000	1
660.653259	12	0.000024	1
660.653259	4674	0.009482	1
660.653259	17	0.000034	1
661.913330	1	0.000002	1110
661.913330	2	0.000004	7
661.913330	3	0.000006	1
661.913330	4	0.000008	0
661.913330	5	0.000010	0
661.913330	6	0.000012	0
661.913330	7	0.000014	0
661.913330	8	0.000016	0
661.913330	9	0.000018	0
661.913330	10	0.000020	0
661.913330	495000	1.000000	1
661.913330	12	0.000024	1
661.913330	4752	0.009600	1
661.913330	26	0.000053	1
665.205872	1	0.000002	1126
665.205872	2	0.000004	6
665.205872	3	0.000006	1
665.205872	4	0.000008	0
665.205872	5	0.000010	0
665.205872	6	0.000012	0
665.205872	7	0.000014	0
665.205872	8	0.000016	0
665.205872	9	0.000018	0
665.205872	10	0.000020	0
665.205872	500000	1.000000	1
665.205872	12	0.000024	1
665.205872	5005	0.010010	1
665.205872	44	0.000088	1
668.446655	1	0.000002	1139
668.446655	2	0.000004	9
668.446655	3	0.000006	2
668.446655	4	0.000008	0
668.446655	5	0.000010	0
668.446655	6	0.000012	0
668.446655	7	0.000014	0
668.446655	8	0.000016	0
668.446655	9	0.000018	0
668.446655	10	0.000020	0
668.446655	505000	1.000000	1
668.446655	12	0.000024	1
668.446655	5239	0.010374	1
668.446655	77	0.000152	1
670.653259	1	0.000002	1151
670.653259	2	0.000004	4
670.653259	3	0.000006	1
670.653259	4	0.000008	0
670.653259	5	0.000010	0
670.653259	6	0.000012	0
670.653259	7	0.000014	0
670.653259	8	0.000016	0
670.653259	9	0.000018	0
670.653259	10	0.000020	0
670.653259	508245	1.000000	1
670.653259	12	0.000024	1
670.653259	5438	0.010700	1
670.653259	90	0.000177	1
671.712097	1	0.000002	1150
671.712097	2	0.000004	10
671.712097	3	0.000006	1
671.712097	4	0.000008	0
671.712097	5	0.000010	0
671.712097	6	0.000012	0
671.712097	7	0.000014	0
671.712097	8	0.000016	0
671.712097	9	0.000018	0
671.712097	10	0.000020	0
671.712097	510000	1.000000	1
671.712097	13	0.000025	1
671.712097	5515	0.010814	1
671.712097	96	0.000188	1
674.916016	1	0.000002	1161
674.916016	2	0.000004	7
674.916016	3	0.000006	1
674.916016	4	0.000008	0
674.916016	5	0.000010	0
674.916016	6	0.000012	0
674.916016	7	0.000014	0
674.916016	8	0.000016	0
674.916016	9	0.000017	0
674.916016	10	0.000019	0
674.916016	515000	1.000000	1
674.916016	12	0.000023	1
674.916016	5759	0.011183	1
674.916016	124	0.000241	1
678.082275	1	0.000002	1186
678.082275	2	0.000004	4
678.082275	3	0.000006	1
678.082275	4	0.000008	0
678.082275	5	0.000010	0
678.082275	6	0.000012	0
678.082275	7	0.000013	0
678.082275	8	0.000015	0
678.082275	9	0.000017	0
678.082275	10	0.000019	0
678.082275	520000	1.000000	1
678.082275	12	0.000023	1
678.082275	6039	0.011613	1
678.082275	149	0.000287	1
680.653259	1	0.000002	1191
680.653259	2	0.000004	5
680.653259	3	0.000006	1
680.653259	4	0.000008	0
680.653259	5	0.000010	0
680.653259	6	0.000011	0
680.653259	7	0.000013	0
680.653259	8	0.000015	0
680.653259	9	0.000017	0
680.653259	10	0.000019	0
680.653259	524118	1.000000	1
680.653259	12	0.000023	1
680.653259	6226	0.011879	1
680.653259	173	0.000330	1
681.159912	1	0.000002	1192
681.159912	2	0.000004	6
681.159912	3	0.000006	1
681.159912	4	0.000008	0
681.159912	5	0.000010	0
681.159912	6	0.000011	0
681.159912	7	0.000013	0
681.159912	8	0.000015	0
681.159912	9	0.000017	0
681.159912	10	0.000019	0
681.159912	525000	1.000000	1
681.159912	12	0.000023	1
681.159912	6257	0.011918	1
681.159912	177	0.000337	1
684.278992	1	0.000002	1205
684.278992	2	0.000004	5
684.278992	3	0.000006	1
684.278992	4	0.000008	0
684.278992	5	0.000009	0
684.278992	6	0.000011	0
684.278992	7	0.000013	0
684.278992	8	0.000015	0
684.278992	9	0.000017	0
684.278992	10	0.000019	0
684.278992	530000	1.000000	1
684.278992	12	0.000023	1
684.278992	6550	0.012358	1
684.278992	206	0.000389	1
687.455017	1	0.000002	1225
687.455017	2	0.000004	9
687.455017	3	0.000006	1
687.455017	4	0.000007	0
687.455017	5	0.000009	0
687.455017	6	0.000011	0
687.455017	7	0.000013	0
687.455017	8	0.000015	0
687.455017	9	0.000017	0
687.455017	10	0.000019	0
687.455017	535000	1.000000	1
687.455017	13	0.000024	1
687.455017	6809	0.012727	1
687.455017	231	0.000432	1
690.563660	1	0.000002	1252
690.563660	2	0.000004	3
690.563660	3	0.000006	1
690.563660	4	0.000007	0
690.563660	5	0.000009	0
690.563660	6	0.000011	0
690.563660	7	0.000013	0
690.563660	8	0.000015	0
690.563660	9	0.000017	0
690.563660	10	0.000019	0
690.563660	540000	1.000000	1
690.563660	12	0.000022	2
690.563660	7075	0.013102	1
690.563660	260	0.000481	1
690.653259	1	0.000002	1250
690.653259	2	0.000004	8
690.653259	3	0.000006	1
690.653259	4	0.000007	0
690.653259	5	0.000009	0
690.653259	6	0.000011	0
690.653259	7	0.000013	0
690.653259	8	0.000015	0
690.653259	9	0.000017	0
690.653259	10	0.000019	0
690.653259	540047	1.000000	1
690.653259	12	0.000022	2
690.653259	7088	0.013125	1
690.653259	259	0.000480	1
693.692322	1	0.000002	1269
693.692322	2	0.000004	8
693.692322	3	0.000006	1
693.692322	4	0.000007	0
693.692322	5	0.000009	0
693.692322	6	0.000011	0
693.692322	7	0.000013	0
693.692322	8	0.000015	0
693.692322	9	0.000017	0
693.692322	10	0.000018	0
693.692322	545000	1.000000	1
693.692322	12	0.000022	1
693.692322	7337	0.013462	1
693.692322	275	0.000505	1
693.692322	18	0.000033	1
696.781677	1	0.000002	1284
696.781677	2	0.000004	8
696.781677	3	0.000005	1
696.781677	4	0.000007	0
696.781677	5	0.000009	0
696.781677	6	0.000011	0
696.781677	7	0.000013	0
696.781677	8	0.000015	0
696.781677	9	0.000016	0
696.781677	10	0.000018	0
696.781677	550000	1.000000	1
696.781677	12	0.000022	1
696.781677	7586	0.013793	1
696.781677	292	0.000531	1
696.781677	23	0.000042	1
699.820801	1	0.000002	1308
699.820801	2	0.000004	4
699.820801	3	0.000005	1
699.820801	4	0.000007	0
699.820801	5	0.000009	0
699.820801	6	0.000011	0
699.820801	7	0.000013	0
699.820801	8	0.000014	0
699.820801	9	0.000016	0
699.820801	10	0.000018	0
699.820801	555000	1.000000	1
699.820801	12	0.000022	1
699.820801	7817	0.014085	1
699.820801	318	0.000573	1
699.820801	34	0.000061	1
700.653259	1	0.000002	1307
700.653259	2	0.000004	14
700.653259	3	0.000005	1
700.653259	4	0.000007	0
700.653259	5	0.000009	0
700.653259	6	0.000011	0
700.653259	7	0.000013	0
700.653259	8	0.000014	0
700.653259	9	0.000016	0
700.653259	10	0.000018	0
700.653259	556252	1.000000	1
700.653259	12	0.000022	1
700.653259	7879	0.014164	1
700.653259	323	0.000581	1
700.653259	38	0.000068	1
702.826660	1	0.000002	1326
702.826660	2	0.000004	6
702.826660	3	0.000005	1
702.826660	4	0.000007	0
702.826660	5	0.000009	0
702.826660	6	0.000011	0
702.826660	7	0.000012	0
702.826660	8	0.000014	0
702.826660	9	0.000016	0
702.826660	10	0.000018	0
702.826660	560000	1.000000	1
702.826660	12	0.000021	1
702.826660	8112	0.014486	1
702.826660	349	0.000623	1
702.826660	47	0.000084	1
705.758850	1	0.000002	1335
705.758850	2	0.000004	11
705.758850	3	0.000005	1
705.758850	4	0.000007	0
705.758850	5	0.000009	0
705.758850	6	0.000011	0
705.758850	7	0.000012	0
705.758850	8	0.000014	0
705.758850	9	0.000016	0
705.758850	10	0.000018	0
705.758850	565000	1.000000	1
705.758850	12	0.000021	1
705.758850	8457	0.014968	1
705.758850	391	0.000692	1
705.758850	59	0.000104	1
708.806274	1	0.000002	1349
708.806274	2	0.000004	9
708.806274	3	0.000005	1
708.806274	4	0.000007	0
708.806274	5	0.000009	0
708.806274	6	0.000011	0
708.806274	7	0.000012	0
708.806274	8	0.000014	0
708.806274	9	0.000016	0
708.806274	10	0.000018	0
708.806274	570000	1.000000	1
708.806274	12	0.000021	1
708.806274	8708	0.015277	1
708.806274	421	0.000739	1
708.806274	69	0.000121	1
710.653259	1	0.000002	1357
710.653259	2	0.000003	9
710.653259	3	0.000005	1
710.653259	4	0.000007	0
710.653259	5	0.000009	0
710.653259	6	0.000010	0
710.653259	7	0.000012	0
710.653259	8	0.000014	0
710.653259	9	0.000016	0
710.653259	10	0.000017	0
710.653259	572847	1.000000	1
710.653259	12	0.000021	1
710.653259	8874	0.015491	1
710.653259	445	0.000777	1
710.653259	76	0.000133	1
711.871277	1	0.000002	1372
711.871277	2	0.000003	5
711.871277	3	0.000005	1
711.871277	4	0.000007	0
711.871277	5	0.000009	0
711.871277	6	0.000010	0
711.871277	7	0.000012	0
711.871277	8	0.000014	0
711.871277	9	0.000016	0
711.871277	10	0.000017	0
711.871277	575000	1.000000	1
711.871277	12	0.000021	1
711.871277	8976	0.015610	1
711.871277	456	0.000793	1
711.871277	78	0.000136	1
714.933838	1	0.000002	1385
714.933838	2	0.000003	8
714.933838	3	0.000005	1
714.933838	4	0.000007	0
714.933838	5	0.000009	0
714.933838	6	0.000010	0
714.933838	7	0.000012	0
714.933838	8	0.000014	0
714.933838	9	0.000016	0
714.933838	10	0.000017	0
714.933838	580000	1.000000	1
714.933838	12	0.000021	1
714.933838	9248	0.015945	1
714.933838	497	0.000857	1
714.933838	89	0.000153	1
717.757263	1	0.000002	1396
717.757263	2	0.000003	10
717.757263	3	0.000005	1
717.757263	4	0.000007	0
717.757263	5	0.000009	0
717.757263	6	0.000010	0
717.757263	7	0.000012	0
717.757263	8	0.000014	0
717.757263	9	0.000015	0
717.757263	10	0.000017	0
717.757263	585000	1.000000	1
717.757263	12	0.000021	1
717.757263	9504	0.016246	1
717.757263	549	0.000938	1
717.757263	98	0.000168	1
720.653320	1	0.000002	1416
720.653320	2	0.000003	11
720.653320	3	0.000005	1
720.653320	4	0.000007	0
720.653320	5	0.000008	0
720.653320	6	0.000010	0
720.653320	7	0.000012	0
720.653320	8	0.000014	0
720.653320	9	0.000015	0
720.653320	10	0.000017	0
720.653320	589788	1.000000	1
720.653320	12	0.000020	1
720.653320	9827	0.016662	1
720.653320	581	0.000985	1
720.653320	104	0.000176	1
720.720886	1	0.000002	1416
720.720886	2	0.000003	11
720.720886	3	0.000005	1
720.720886	4	0.000007	0
720.720886	5	0.000008	0
720.720886	6	0.000010	0
720.720886	7	0.000012	0
720.720886	8	0.000014	0
720.720886	9	0.000015	0
720.720886	10	0.000017	0
720.720886	590000	1.000000	1
720.720886	12	0.000020	1
720.720886	9839	0.016676	1
720.720886	583	0.000988	1
720.720886	104	0.000176	1
723.586426	1	0.000002	1437
723.586426	2	0.000003	7
723.586426	3	0.000005	1
723.586426	4	0.000007	0
723.586426	5	0.000008	0
723.586426	6	0.000010	0
723.586426	7	0.000012	0
723.586426	8	0.000013	0
723.586426	9	0.000015	0
723.586426	10	0.000017	0
723.586426	595000	1.000000	1
723.586426	12	0.000020	1
723.586426	10132	0.017029	1
723.586426	625	0.001050	1
723.586426	105	0.000176	1
726.610291	1	0.000002	1443
726.610291	2	0.000003	8
726.610291	3	0.000005	1
726.610291	4	0.000007	0
726.610291	5	0.000008	0
726.610291	6	0.000010	0
726.610291	7	0.000012	0
726.610291	8	0.000013	0
726.610291	9	0.000015	0
726.610291	10	0.000017	0
726.610291	600000	1.000000	1
726.610291	13	0.000022	1
726.610291	10445	0.017408	1
726.610291	671	0.001118	1
726.610291	106	0.000177	1
729.542603	1	0.000002	1458
729.542603	2	0.000003	8
729.542603	3	0.000005	1
729.542603	4	0.000007	0
729.542603	5	0.000008	0
729.542603	6	0.000010	0
729.542603	7	0.000012	0
729.542603	8	0.000013	0
729.542603	9	0.000015	0
729.542603	10	0.000017	0
729.542603	605000	1.000000	1
729.542603	12	0.000020	1
729.542603	10822	0.017888	1
729.542603	718	0.001187	1
729.542603	105	0.000174	1
730.653320	1	0.000002	1461
730.653320	2	0.000003	9
730.653320	3	0.000005	1
730.653320	4	0.000007	0
730.653320	5	0.000008	0
730.653320	6	0.000010	0
730.653320	7	0.000012	0
730.653320	8	0.000013	0
730.653320	9	0.000015	0
730.653320	10	0.000016	0
730.653320	606856	1.000000	1
730.653320	12	0.000020	1
730.653320	10945	0.018036	1
730.653320	741	0.001221	1
730.653320	105	0.000173	1
732.399719	1	0.000002	1478
732.399719	2	0.000003	6
732.399719	3	0.000005	1
732.399719	4	0.000007	0
732.399719	5	0.000008	0
732.399719	6	0.000010	0
732.399719	7	0.000011	0
732.399719	8	0.000013	0
732.399719	9	0.000015	0
732.399719	10	0.000016	0
732.399719	610000	1.000000	1
732.399719	13	0.000021	1
732.399719	11146	0.018272	1
732.399719	777	0.001274	1
732.399719	105	0.000172	1
735.277405	1	0.000002	1492
735.277405	2	0.000003	13
735.277405	3	0.000005	1
735.277405	4	0.000007	0
735.277405	5	0.000008	0
735.277405	6	0.000010	0
735.277405	7	0.000011	0
735.277405	8	0.000013	0
735.277405	9	0.000015	0
735.277405	10	0.000016	0
735.277405	615000	1.000000	1
735.277405	12	0.000020	1
735.277405	11480	0.018667	1
735.277405	821	0.001335	1
735.277405	105	0.000171	1
738.199402	1	0.000002	1520
738.199402	2	0.000003	3
738.199402	3	0.000005	1
738.199402	4	0.000006	0
738.199402	5	0.000008	0
738.199402	6	0.000010	0
738.199402	7	0.000011	0
738.199402	8	0.000013	0
738.199402	9	0.000015	0
738.199402	10	0.000016	0
738.199402	620000	1.000000	1
738.199402	12	0.000019	1
738.199402	11840	0.019097	1
738.199402	907	0.001463	1
738.199402	105	0.000169	1
740.653320	1	0.000002	1530
740.653320	2	0.000003	9
740.653320	3	0.000005	1
740.653320	4	0.000006	0
740.653320	5	0.000008	0
740.653320	6	0.000010	0
740.653320	7	0.000011	0
740.653320	8	0.000013	0
740.653320	9	0.000014	0
740.653320	10	0.000016	0
740.653320	624235	1.000000	1
740.653320	12	0.000019	1
740.653320	12143	0.019453	1
740.653320	967	0.001549	1
740.653320	105	0.000168	1
741.024902	1	0.000002	1524
741.024902	2	0.000003	14
741.024902	3	0.000005	1
741.024902	4	0.000006	0
741.024902	5	0.000008	0
741.024902	6	0.000010	0
741.024902	7	0.000011	0
741.024902	8	0.000013	0
741.024902	9	0.000014	0
741.024902	10	0.000016	0
741.024902	625000	1.000000	1
741.024902	13	0.000021	1
741.024902	12199	0.019518	1
741.024902	978	0.001565	1
741.024902	105	0.000168	1
743.897400	1	0.000002	1553
743.897400	2	0.000003	4
743.897400	3	0.000005	1
743.897400	4	0.000006	0
743.897400	5	0.000008	0
743.897400	6	0.000010	0
743.897400	7	0.000011	0
743.897400	8	0.000013	0
743.897400	9	0.000014	0
743.897400	10	0.000016	0
743.897400	630000	1.000000	1
743.897400	12	0.000019	1
743.897400	12569	0.019951	1
743.897400	1035	0.001643	1
743.897400	105	0.000167	1
746.684998	1	0.000002	1558
746.684998	2	0.000003	16
746.684998	3	0.000005	2
746.684998	4	0.000006	0
746.684998	5	0.000008	1
746.684998	6	0.000009	0
746.684998	7	0.000011	0
746.684998	8	0.000013	0
746.684998	9	0.000014	0
746.684998	10	0.000016	0
746.684998	635000	1.000000	1
746.684998	12	0.000019	1
746.684998	12897	0.020310	1
746.684998	1086	0.001710	1
746.684998	105	0.000165	1
749.606567	1	0.000002	1581
749.606567	2	0.000003	11
749.606567	3	0.000005	1
749.606567	4	0.000006	0
749.606567	5	0.000008	1
749.606567	6	0.000009	0
749.606567	7	0.000011	0
749.606567	8	0.000012	0
749.606567	9	0.000014	0
749.606567	10	0.000016	0
749.606567	640000	1.000000	1
749.606567	13	0.000020	1
749.606567	13250	0.020703	1
749.606567	1153	0.001802	1
749.606567	105	0.000164	1
750.653320	1	0.000002	1588
750.653320	2	0.000003	6
750.653320	3	0.000005	1
750.653320	4	0.000006	0
750.653320	5	0.000008	1
750.653320	6	0.000009	0
750.653320	7	0.000011	0
750.653320	8	0.000012	0
750.653320	9	0.000014	0
750.653320	10	0.000016	0
750.653320	641747	1.000000	1
750.653320	12	0.000019	1
750.653320	13406	0.020890	1
750.653320	1180	0.001839	1
750.653320	107	0.000167	1
752.556335	1	0.000002	1603
752.556335	2	0.000003	9
752.556335	3	0.000005	2
752.556335	4	0.000006	0
752.556335	5	0.000008	1
752.556335	6	0.000009	0
752.556335	7	0.000011	0
752.556335	8	0.000012	0
752.556335	9	0.000014	0
752.556335	10	0.000016	0
752.556335	645000	1.000000	1
752.556335	12	0.000019	1
752.556335	13611	0.021102	1
752.556335	1242	0.001926	1
752.556335	108	0.000167	1
755.372131	1	0.000002	1625
755.372131	2	0.000003	5
755.372131	3	0.000005	3
755.372131	4	0.000006	0
755.372131	5	0.000008	1
755.372131	6	0.000009	0
755.372131	7	0.000011	0
755.372131	8	0.000012	0
755.372131	9	0.000014	0
755.372131	10	0.000015	0
755.372131	650000	1.000000	1
755.372131	12	0.000018	1
755.372131	13969	0.021491	1
755.372131	1313	0.002020	1
755.372131	105	0.000162	1
758.214111	1	0.000002	1644
758.214111	2	0.000003	11
758.214111	3	0.000005	1
758.214111	4	0.000006	0
758.214111	5	0.000008	1
758.214111	6	0.000009	0
758.214111	7	0.000011	0
758.214111	8	0.000012	0
758.214111	9	0.000014	0
758.214111	10	0.000015	0
758.214111	655000	1.000000	1
758.214111	12	0.000018	1
758.214111	14359	0.021922	1
758.214111	1406	0.002147	1
758.214111	106	0.000162	1
760.653320	1	0.000002	1656
760.653320	2	0.000003	12
760.653320	3	0.000005	1
760.653320	4	0.000006	0
760.653320	5	0.000008	1
760.653320	6	0.000009	0
760.653320	7	0.000011	0
760.653320	8	0.000012	0
760.653320	9	0.000014	0
760.653320	10	0.000015	0
760.653320	659148	1.000000	1
760.653320	13	0.000020	1
760.653320	14613	0.022170	1
760.653320	1468	0.002227	1
760.653320	105	0.000159	1
761.134216	1	0.000002	1660
761.134216	2	0.000003	9
761.134216	3	0.000005	1
761.134216	4	0.000006	0
761.134216	5	0.000008	1
761.134216	6	0.000009	0
761.134216	7	0.000011	0
761.134216	8	0.000012	0
761.134216	9	0.000014	0
761.134216	10	0.000015	0
761.134216	660000	1.000000	1
761.134216	12	0.000018	1
761.134216	14706	0.022282	1
761.134216	1494	0.002264	1
761.134216	105	0.000159	1
763.961731	1	0.000002	1683
763.961731	2	0.000003	5
763.961731	3	0.000005	1
763.961731	4	0.000006	0
763.961731	5	0.000008	1
763.961731	6	0.000009	0
763.961731	7	0.000011	0
763.961731	8	0.000012	0
763.961731	9	0.000014	0
763.961731	10	0.000015	0
763.961731	665000	1.000000	1
763.961731	12	0.000018	1
763.961731	15054	0.022638	1
763.961731	1565	0.002353	1
763.961731	105	0.000158	1
766.701721	1	0.000001	1703
766.701721	2	0.000003	7
766.701721	3	0.000004	1
766.701721	4	0.000006	0
766.701721	5	0.000007	1
766.701721	6	0.000009	0
766.701721	7	0.000010	0
766.701721	8	0.000012	0
766.701721	9	0.000013	0
766.701721	10	0.000015	0
766.701721	670000	1.000000	1
766.701721	12	0.000018	1
766.701721	15419	0.023013	1
766.701721	1665	0.002485	1
766.701721	106	0.000158	1
769.485168	1	0.000001	1721
769.485168	2	0.000003	7
769.485168	3	0.000004	1
769.485168	4	0.000006	0
769.485168	5	0.000007	1
769.485168	6	0.000009	0
769.485168	7	0.000010	0
769.485168	8	0.000012	0
769.485168	9	0.000013	0
769.485168	10	0.000015	0
769.485168	675000	1.000000	1
769.485168	12	0.000018	1
769.485168	15757	0.023344	1
769.485168	1738	0.002575	1
769.485168	105	0.000156	1
770.653320	1	0.000001	1722
770.653320	2	0.000003	11
770.653320	3	0.000004	1
770.653320	4	0.000006	0
770.653320	5	0.000007	0
770.653320	6	0.000009	1
770.653320	7	0.000010	0
770.653320	8	0.000012	0
770.653320	9	0.000013	0
770.653320	10	0.000015	0
770.653320	677096	1.000000	1
770.653320	12	0.000018	1
770.653320	15899	0.023481	1
770.653320	1770	0.002614	1
770.653320	106	0.000157	1
772.235779	1	0.000001	1729
772.235779	2	0.000003	12
772.235779	3	0.000004	2
772.235779	4	0.000006	0
772.235779	5	0.000007	1
772.235779	6	0.000009	0
772.235779	7	0.000010	0
772.235779	8	0.000012	0
772.235779	9	0.000013	0
772.235779	10	0.000015	0
772.235779	680000	1.000000	1
772.235779	12	0.000018	1
772.235779	16099	0.023675	1
772.235779	1810	0.002662	1
772.235779	106	0.000156	1
775.031677	1	0.000001	1754
775.031677	2	0.000003	10
775.031677	3	0.000004	1
775.031677	4	0.000006	0
775.031677	5	0.000007	1
775.031677	6	0.000009	0
775.031677	7	0.000010	0
775.031677	8	0.000012	0
775.031677	9	0.000013	0
775.031677	10	0.000015	0
775.031677	685000	1.000000	1
775.031677	13	0.000019	1
775.031677	16459	0.024028	1
775.031677	1895	0.002766	1
775.031677	105	0.000153	1
777.688293	1	0.000001	1768
777.688293	2	0.000003	13
777.688293	3	0.000004	1
777.688293	4	0.000006	0
777.688293	5	0.000007	1
777.688293	6	0.000009	0
777.688293	7	0.000010	0
777.688293	8	0.000012	0
777.688293	9	0.000013	0
777.688293	10	0.000014	0
777.688293	690000	1.000000	1
777.688293	12	0.000017	1
777.688293	16840	0.024406	1
777.688293	1992	0.002887	1
777.688293	107	0.000155	1
780.432190	1	0.000001	1794
780.432190	2	0.000003	8
780.432190	3	0.000004	1
780.432190	4	0.000006	0
780.432190	5	0.000007	1
780.432190	6	0.000009	0
780.432190	7	0.000010	0
780.432190	8	0.000012	0
780.432190	9	0.000013	0
780.432190	10	0.000014	0
780.432190	695000	1.000000	1
780.432190	12	0.000017	1
780.432190	17209	0.024761	1
780.432190	2066	0.002973	1
780.432190	105	0.000151	1
780.653320	1	0.000001	1796
780.653320	2	0.000003	7
780.653320	3	0.000004	1
780.653320	4	0.000006	0
780.653320	5	0.000007	1
780.653320	6	0.000009	0
780.653320	7	0.000010	0
780.653320	8	0.000012	0
780.653320	9	0.000013	0
780.653320	10	0.000014	0
780.653320	695455	1.000000	1
780.653320	12	0.000017	1
780.653320	17229	0.024774	1
780.653320	2067	0.002972	1
780.653320	105	0.000151	1
783.051147	1	0.000001	1797
783.051147	2	0.000003	17
783.051147	3	0.000004	2
783.051147	4	0.000006	0
783.051147	5	0.000007	1
783.051147	6	0.000009	0
783.051147	7	0.000010	0
783.051147	8	0.000011	0
783.051147	9	0.000013	0
783.051147	10	0.000014	0
783.051147	700000	1.000000	1
783.051147	12	0.000017	1
783.051147	17574	0.025106	1
783.051147	2122	0.003031	1
783.051147	107	0.000153	1
785.731384	1	0.000001	1830
785.731384	2	0.000003	8
785.731384	3	0.000004	2
785.731384	4	0.000006	0
785.731384	5	0.000007	1
785.731384	6	0.000009	0
785.731384	7	0.000010	0
785.731384	8	0.000011	0
785.731384	9	0.000013	0
785.731384	10	0.000014	0
785.731384	705000	1.000000	1
785.731384	12	0.000017	1
785.731384	17921	0.025420	1
785.731384	2212	0.003138	1
785.731384	105	0.000149	1
788.493652	1	0.000001	1847
788.493652	2	0.000003	12
788.493652	3	0.000004	2
788.493652	4	0.000006	0
788.493652	5	0.000007	1
788.493652	6	0.000008	0
788.493652	7	0.000010	0
788.493652	8	0.000011	0
788.493652	9	0.000013	0
788.493652	10	0.000014	0
788.493652	710000	1.000000	1
788.493652	12	0.000017	1
788.493652	18282	0.025749	1
788.493652	2301	0.003241	1
788.493652	106	0.000149	1
790.653381	1	0.000001	1865
790.653381	2	0.000003	11
790.653381	3	0.000004	1
790.653381	4	0.000006	1
790.653381	5	0.000007	1
790.653381	6	0.000008	0
790.653381	7	0.000010	0
790.653381	8	0.000011	0
790.653381	9	0.000013	0
790.653381	10	0.000014	0
790.653381	713886	1.000000	1
790.653381	12	0.000017	1
790.653381	18534	0.025962	1
790.653381	2368	0.003317	1
790.653381	107	0.000150	1
791.218323	1	0.000001	1870
791.218323	2	0.000003	11
791.218323	3	0.000004	2
791.218323	4	0.000006	0
791.218323	5	0.000007	1
791.218323	6	0.000008	0
791.218323	7	0.000010	0
791.218323	8	0.000011	0
791.218323	9	0.000013	0
791.218323	10	0.000014	0
791.218323	715000	1.000000	1
791.218323	13	0.000018	1
791.218323	18611	0.026029	1
791.218323	2387	0.003338	1
791.218323	108	0.000151	1
794.023438	1	0.000001	1892
794.023438	2	0.000003	11
794.023438	3	0.000004	3
794.023438	4	0.000006	0
794.023438	5	0.000007	1
794.023438	6	0.000008	0
794.023438	7	0.000010	0
794.023438	8	0.000011	0
794.023438	9	0.000012	0
794.023438	10	0.000014	0
794.023438	720000	1.000000	1
794.023438	12	0.000017	1
794.023438	18998	0.026386	1
794.023438	2458	0.003414	1
794.023438	105	0.000146	1
796.702759	1	0.000001	1901
796.702759	2	0.000003	19
796.702759	3	0.000004	2
796.702759	4	0.000006	0
796.702759	5	0.000007	1
796.702759	6	0.000008	0
796.702759	7	0.000010	0
796.702759	8	0.000011	0
796.702759	9	0.000012	0
796.702759	10	0.000014	0
796.702759	725000	1.000000	1
796.702759	12	0.000017	1
796.702759	19365	0.026710	1
796.702759	2530	0.003490	1
796.702759	105	0.000145	1
799.338074	1	0.000001	1919
799.338074	2	0.000003	15
799.338074	3	0.000004	2
799.338074	4	0.000005	0
799.338074	5	0.000007	1
799.338074	6	0.000008	0
799.338074	7	0.000010	0
799.338074	8	0.000011	0
799.338074	9	0.000012	0
799.338074	10	0.000014	0
799.338074	730000	1.000000	1
799.338074	12	0.000016	1
799.338074	19750	0.027055	1
799.338074	2606	0.003570	1
799.338074	105	0.000144	1
800.653381	1	0.000001	1935
800.653381	2	0.000003	10
800.653381	3	0.000004	1
800.653381	4	0.000005	1
800.653381	5	0.000007	1
800.653381	6	0.000008	0
800.653381	7	0.000010	0
800.653381	8	0.000011	0
800.653381	9	0.000012	0
800.653381	10	0.000014	0
800.653381	732318	1.000000	1
800.653381	12	0.000016	1
800.653381	19943	0.027233	1
800.653381	2646	0.003613	1
800.653381	106	0.000145	1
801.993774	1	0.000001	1942
801.993774	2	0.000003	12
801.993774	3	0.000004	2
801.993774	4	0.000005	0
801.993774	5	0.000007	1
801.993774	6	0.000008	0
801.993774	7	0.000010	0
801.993774	8	0.000011	0
801.993774	9	0.000012	0
801.993774	10	0.000014	0
801.993774	735000	1.000000	1
801.993774	12	0.000016	1
801.993774	20126	0.027382	1
801.993774	2671	0.003634	1
801.993774	105	0.000143	1
804.591736	1	0.000001	1964
804.591736	2	0.000003	11
804.591736	3	0.000004	2
804.591736	4	0.000005	0
804.591736	5	0.000007	1
804.591736	6	0.000008	0
804.591736	7	0.000009	0
804.591736	8	0.000011	0
804.591736	9	0.000012	0
804.591736	10	0.000014	0
804.591736	740000	1.000000	1
804.591736	12	0.000016	1
804.591736	20543	0.027761	1
804.591736	2752	0.003719	1
804.591736	105	0.000142	1
807.234985	1	0.000001	1979
807.234985	2	0.000003	11
807.234985	3	0.000004	2
807.234985	4	0.000005	0
807.234985	5	0.000007	1
807.234985	6	0.000008	0
807.234985	7	0.000009	0
807.234985	8	0.000011	0
807.234985	9	0.000012	0
807.234985	10	0.000013	0
807.234985	745000	1.000000	1
807.234985	12	0.000016	1
807.234985	20927	0.028090	1
807.234985	2856	0.003834	1
807.234985	106	0.000142	1
809.780640	1	0.000001	1995
809.780640	2	0.000003	14
809.780640	3	0.000004	2
809.780640	4	0.000005	0
809.780640	5	0.000007	0
809.780640	6	0.000008	1
809.780640	7	0.000009	0
809.780640	8	0.000011	0
809.780640	9	0.000012	0
809.780640	10	0.000013	0
809.780640	750000	1.000000	1
809.780640	12	0.000016	1
809.780640	21326	0.028435	1
809.780640	2956	0.003941	1
809.780640	106	0.000141	1
810.653381	1	0.000001	2009
810.653381	2	0.000003	7
810.653381	3	0.000004	2
810.653381	4	0.000005	0
810.653381	5	0.000007	1
810.653381	6	0.000008	0
810.653381	7	0.000009	0
810.653381	8	0.000011	0
810.653381	9	0.000012	0
810.653381	10	0.000013	0
810.653381	751738	1.000000	1
810.653381	12	0.000016	1
810.653381	21485	0.028580	1
810.653381	2977	0.003960	1
810.653381	106	0.000141	1
812.373596	1	0.000001	2016
812.373596	2	0.000003	10
812.373596	3	0.000004	2
812.373596	4	0.000005	0
812.373596	5	0.000007	1
812.373596	6	0.000008	0
812.373596	7	0.000009	0
812.373596	8	0.000011	0
812.373596	9	0.000012	0
812.373596	10	0.000013	0
812.373596	755000	1.000000	1
812.373596	12	0.000016	1
812.373596	21729	0.028780	1
812.373596	3045	0.004033	1
812.373596	105	0.000139	1
814.876587	1	0.000001	2047
814.876587	2	0.000003	8
814.876587	3	0.000004	3
814.876587	4	0.000005	0
814.876587	5	0.000007	1
814.876587	6	0.000008	0
814.876587	7	0.000009	0
814.876587	8	0.000011	0
814.876587	9	0.000012	0
814.876587	10	0.000013	0
814.876587	760000	1.000000	1
814.876587	12	0.000016	1
814.876587	22136	0.029126	1
814.876587	3130	0.004118	1
814.876587	105	0.000138	1
817.353577	1	0.000001	2058
817.353577	2	0.000003	10
817.353577	3	0.000004	1
817.353577	4	0.000005	1
817.353577	5	0.000007	1
817.353577	6	0.000008	0
817.353577	7	0.000009	0
817.353577	8	0.000010	0
817.353577	9	0.000012	0
817.353577	10	0.000013	0
817.353577	765000	1.000000	1
817.353577	12	0.000016	1
817.353577	22552	0.029480	1
817.353577	3194	0.004175	1
817.353577	106	0.000139	1
819.994873	1	0.000001	2074
819.994873	2	0.000003	15
819.994873	3	0.000004	3
819.994873	4	0.000005	0
819.994873	5	0.000006	1
819.994873	6	0.000008	0
819.994873	7	0.000009	0
819.994873	8	0.000010	0
819.994873	9	0.000012	0
819.994873	10	0.000013	0
819.994873	770000	1.000000	1
819.994873	12	0.000016	1
819.994873	23038	0.029919	1
819.994873	3296	0.004281	1
819.994873	107	0.000139	1
820.653381	1	0.000001	2078
820.653381	2	0.000003	16
820.653381	3	0.000004	2
820.653381	4	0.000005	0
820.653381	5	0.000006	1
820.653381	6	0.000008	0
820.653381	7	0.000009	0
820.653381	8	0.000010	0
820.653381	9	0.000012	0
820.653381	10	0.000013	0
820.653381	771098	1.000000	1
820.653381	12	0.000016	1
820.653381	23161	0.030036	1
820.653381	3310	0.004293	1
820.653381	106	0.000137	1
822.585449	1	0.000001	2096
822.585449	2	0.000003	9
822.585449	3	0.000004	2
822.585449	4	0.000005	0
822.585449	5	0.000006	1
822.585449	6	0.000008	0
822.585449	7	0.000009	0
822.585449	8	0.000010	0
822.585449	9	0.000012	0
822.585449	10	0.000013	0
822.585449	775000	1.000000	1
822.585449	12	0.000015	1
822.585449	23475	0.030290	1
822.585449	3388	0.004372	1
822.585449	105	0.000135	1
825.173462	1	0.000001	2113
825.173462	2	0.000003	15
825.173462	3	0.000004	2
825.173462	4	0.000005	0
825.173462	5	0.000006	1
825.173462	6	0.000008	0
825.173462	7	0.000009	0
825.173462	8	0.000010	0
825.173462	9	0.000012	0
825.173462	10	0.000013	0
825.173462	780000	1.000000	1
825.173462	12	0.000015	1
825.173462	23943	0.030696	1
825.173462	3477	0.004458	1
825.173462	105	0.000135	1
827.704224	1	0.000001	2138
827.704224	2	0.000003	14
827.704224	3	0.000004	2
827.704224	4	0.000005	0
827.704224	5	0.000006	1
827.704224	6	0.000008	0
827.704224	7	0.000009	0
827.704224	8	0.000010	0
827.704224	9	0.000011	0
827.704224	10	0.000013	0
827.704224	785000	1.000000	1
827.704224	12	0.000015	1
827.704224	24404	0.031088	1
827.704224	3571	0.004549	1
827.704224	105	0.000134	1
830.196655	1	0.000001	2157
830.196655	2	0.000003	15
830.196655	3	0.000004	2
830.196655	4	0.000005	0
830.196655	5	0.000006	1
830.196655	6	0.000008	0
830.196655	7	0.000009	0
830.196655	8	0.000010	0
830.196655	9	0.000011	0
830.196655	10	0.000013	0
830.196655	790000	1.000000	1
830.196655	13	0.000016	1
830.196655	24803	0.031396	1
830.196655	3670	0.004646	1
830.196655	105	0.000133	1
830.653381	1	0.000001	2165
830.653381	2	0.000003	10
830.653381	3	0.000004	2
830.653381	4	0.000005	0
830.653381	5	0.000006	1
830.653381	6	0.000008	0
830.653381	7	0.000009	0
830.653381	8	0.000010	0
830.653381	9	0.000011	0
830.653381	10	0.000013	0
830.653381	790680	1.000000	1
830.653381	12	0.000015	1
830.653381	24922	0.031520	1
830.653381	3692	0.004669	1
830.653381	106	0.000134	1
832.811340	1	0.000001	2173
832.811340	2	0.000003	13
832.811340	3	0.000004	2
832.811340	4	0.000005	0
832.811340	5	0.000006	1
832.811340	6	0.000008	0
832.811340	7	0.000009	0
832.811340	8	0.000010	0
832.811340	9	0.000011	0
832.811340	10	0.000013	0
832.811340	795000	1.000000	1
832.811340	12	0.000015	1
832.811340	25311	0.031838	1
832.811340	3757	0.004726	1
832.811340	106	0.000133	1
835.333435	1	0.000001	2185
835.333435	2	0.000002	13
835.333435	3	0.000004	2
835.333435	4	0.000005	0
835.333435	5	0.000006	1
835.333435	6	0.000007	0
835.333435	7	0.000009	0
835.333435	8	0.000010	0
835.333435	9	0.000011	0
835.333435	10	0.000012	0
835.333435	800000	1.000000	1
835.333435	12	0.000015	1
835.333435	25765	0.032206	1
835.333435	3845	0.004806	1
835.333435	105	0.000131	1
837.959290	1	0.000001	2205
837.959290	2	0.000002	7
837.959290	3	0.000004	1
837.959290	4	0.000005	1
837.959290	5	0.000006	1
837.959290	6	0.000007	0
837.959290	7	0.000009	0
837.959290	8	0.000010	0
837.959290	9	0.000011	0
837.959290	10	0.000012	0
837.959290	805000	1.000000	1
837.959290	12	0.000015	1
837.959290	26254	0.032614	1
837.959290	3939	0.004893	1
837.959290	106	0.000132	1
840.468628	1	0.000001	2220
840.468628	2	0.000002	14
840.468628	3	0.000004	2
840.468628	4	0.000005	0
840.468628	5	0.000006	1
840.468628	6	0.000007	0
840.468628	7	0.000009	0
840.468628	8	0.000010	0
840.468628	9	0.000011	0
840.468628	10	0.000012	0
840.468628	810000	1.000000	1
840.468628	12	0.000015	1
840.468628	26686	0.032946	1
840.468628	4011	0.004952	1
840.468628	107	0.000132	1
840.653381	1	0.000001	2224
840.653381	2	0.000002	10
840.653381	3	0.000004	3
840.653381	4	0.000005	0
840.653381	5	0.000006	1
840.653381	6	0.000007	0
840.653381	7	0.000009	0
840.653381	8	0.000010	0
840.653381	9	0.000011	0
840.653381	10	0.000012	0
840.653381	810330	1.000000	1
840.653381	12	0.000015	1
840.653381	26702	0.032952	1
840.653381	4014	0.004954	1
840.653381	105	0.000130	1
842.924316	1	0.000001	2236
842.924316	2	0.000002	16
842.924316	3	0.000004	2
842.924316	4	0.000005	0
842.924316	5	0.000006	1
842.924316	6	0.000007	0
842.924316	7	0.000009	0
842.924316	8	0.000010	0
842.924316	9	0.000011	0
842.924316	10	0.000012	0
842.924316	815000	1.000000	1
842.924316	12	0.000015	1
842.924316	27153	0.033317	1
842.924316	4105	0.005037	1
842.924316	107	0.000131	1
845.405090	1	0.000001	2257
845.405090	2	0.000002	16
845.405090	3	0.000004	2
845.405090	4	0.000005	0
845.405090	5	0.000006	1
845.405090	6	0.000007	0
845.405090	7	0.000009	0
845.405090	8	0.000010	0
845.405090	9	0.000011	0
845.405090	10	0.000012	0
845.405090	820000	1.000000	1
845.405090	12	0.000015	1
845.405090	27586	0.033641	1
845.405090	4212	0.005137	1
845.405090	105	0.000128	1
847.960510	1	0.000001	2281
847.960510	2	0.000002	11
847.960510	3	0.000004	2
847.960510	4	0.000005	0
847.960510	5	0.000006	1
847.960510	6	0.000007	0
847.960510	7	0.000008	0
847.960510	8	0.000010	0
847.960510	9	0.000011	0
847.960510	10	0.000012	0
847.960510	825000	1.000000	1
847.960510	12	0.000015	1
847.960510	28092	0.034051	1
847.960510	4311	0.005225	1
847.960510	105	0.000127	1
850.437439	1	0.000001	2303
850.437439	2	0.000002	14
850.437439	3	0.000004	2
850.437439	4	0.000005	0
850.437439	5	0.000006	1
850.437439	6	0.000007	0
850.437439	7	0.000008	0
850.437439	8	0.000010	0
850.437439	9	0.000011	0
850.437439	10	0.000012	0
850.437439	830000	1.000000	1
850.437439	12	0.000014	1
850.437439	28605	0.034464	1
850.437439	4402	0.005304	1
850.437439	105	0.000127	1
850.653381	1	0.000001	2304
850.653381	2	0.000002	13
850.653381	3	0.000004	2
850.653381	4	0.000005	0
850.653381	5	0.000006	1
850.653381	6	0.000007	0
850.653381	7	0.000008	0
850.653381	8	0.000010	0
850.653381	9	0.000011	0
850.653381	10	0.000012	0
850.653381	830447	1.000000	1
850.653381	12	0.000014	1
850.653381	28626	0.034471	1
850.653381	4424	0.005327	1
850.653381	107	0.000129	1
852.856934	1	0.000001	2305
852.856934	2	0.000002	19
852.856934	3	0.000004	2
852.856934	4	0.000005	0
852.856934	5	0.000006	1
852.856934	6	0.000007	0
852.856934	7	0.000008	0
852.856934	8	0.000010	0
852.856934	9	0.000011	0
852.856934	10	0.000012	0
852.856934	835000	1.000000	1
852.856934	12	0.000014	1
852.856934	29103	0.034854	1
852.856934	4516	0.005408	1
852.856934	105	0.000126	1
855.257324	1	0.000001	2332
855.257324	2	0.000002	12
855.257324	3	0.000004	2
855.257324	4	0.000005	0
855.257324	5	0.000006	1
855.257324	6	0.000007	0
855.257324	7	0.000008	0
855.257324	8	0.000010	0
855.257324	9	0.000011	0
855.257324	10	0.000012	0
855.257324	840000	1.000000	1
855.257324	12	0.000014	1
855.257324	29597	0.035235	1
855.257324	4605	0.005482	1
855.257324	106	0.000126	1
857.593323	1	0.000001	2350
857.593323	2	0.000002	13
857.593323	3	0.000004	3
857.593323	4	0.000005	0
857.593323	5	0.000006	1
857.593323	6	0.000007	0
857.593323	7	0.000008	0
857.593323	8	0.000009	0
857.593323	9	0.000011	0
857.593323	10	0.000012	0
857.593323	845000	1.000000	1
857.593323	12	0.000014	1
857.593323	30080	0.035598	1
857.593323	4724	0.005591	1
857.593323	105	0.000124	1
860.050659	1	0.000001	2378
860.050659	2	0.000002	13
860.050659	3	0.000004	2
860.050659	4	0.000005	0
860.050659	5	0.000006	1
860.050659	6	0.000007	0
860.050659	7	0.000008	0
860.050659	8	0.000009	0
860.050659	9	0.000011	0
860.050659	10	0.000012	0
860.050659	850000	1.000000	1
860.050659	12	0.000014	1
860.050659	30614	0.036016	1
860.050659	4810	0.005659	1
860.050659	105	0.000124	1
860.653381	1	0.000001	2389
860.653381	2	0.000002	13
860.653381	3	0.000004	2
860.653381	4	0.000005	0
860.653381	5	0.000006	1
860.653381	6	0.000007	0
860.653381	7	0.000008	0
860.653381	8	0.000009	0
860.653381	9	0.000011	0
860.653381	10	0.000012	0
860.653381	851127	1.000000	1
860.653381	12	0.000014	1
860.653381	30713	0.036085	1
860.653381	4836	0.005682	1
860.653381	105	0.000123	1
862.539246	1	0.000001	2399
862.539246	2	0.000002	14
862.539246	3	0.000004	2
862.539246	4	0.000005	0
862.539246	5	0.000006	1
862.539246	6	0.000007	0
862.539246	7	0.000008	0
862.539246	8	0.000009	0
862.539246	9	0.000011	0
862.539246	10	0.000012	0
862.539246	855000	1.000000	1
862.539246	12	0.000014	1
862.539246	31115	0.036392	1
862.539246	4913	0.005746	1
862.539246	106	0.000124	1
865.080688	1	0.000001	2416
865.080688	2	0.000002	14
865.080688	3	0.000003	2
865.080688	4	0.000005	0
865.080688	5	0.000006	1
865.080688	6	0.000007	0
865.080688	7	0.000008	0
865.080688	8	0.000009	0
865.080688	9	0.000010	0
865.080688	10	0.000012	0
865.080688	860000	1.000000	1
865.080688	12	0.000014	1
865.080688	31667	0.036822	1
865.080688	5015	0.005831	1
865.080688	106	0.000123	1
867.561279	1	0.000001	2433
867.561279	2	0.000002	20
867.561279	3	0.000003	2
867.561279	4	0.000005	0
867.561279	5	0.000006	1
867.561279	6	0.000007	0
867.561279	7	0.000008	0
867.561279	8	0.000009	0
867.561279	9	0.000010	0
867.561279	10	0.000012	0
867.561279	865000	1.000000	1
867.561279	12	0.000014	1
867.561279	32196	0.037221	1
867.561279	5125	0.005925	1
867.561279	106	0.000123	1
869.893982	1	0.000001	2465
869.893982	2	0.000002	14
869.893982	3	0.000003	2
869.893982	4	0.000005	0
869.893982	5	0.000006	1
869.893982	6	0.000007	0
869.893982	7	0.000008	0
869.893982	8	0.000009	0
869.893982	9	0.000010	0
869.893982	10	0.000011	0
869.893982	870000	1.000000	1
869.893982	12	0.000014	1
869.893982	32721	0.037610	1
869.893982	5228	0.006009	1
869.893982	105	0.000121	1
870.653381	1	0.000001	2470
870.653381	2	0.000002	12
870.653381	3	0.000003	2
870.653381	4	0.000005	0
870.653381	5	0.000006	1
870.653381	6	0.000007	0
870.653381	7	0.000008	0
870.653381	8	0.000009	0
870.653381	9	0.000010	0
870.653381	10	0.000011	0
870.653381	871508	1.000000	1
870.653381	12	0.000014	1
870.653381	32900	0.037751	1
870.653381	5255	0.006030	1
870.653381	105	0.000120	1
872.339233	1	0.000001	2485
872.339233	2	0.000002	12
872.339233	3	0.000003	2
872.339233	4	0.000005	0
872.339233	5	0.000006	1
872.339233	6	0.000007	0
872.339233	7	0.000008	0
872.339233	8	0.000009	0
872.339233	9	0.000010	0
872.339233	10	0.000011	0
872.339233	875000	1.000000	1
872.339233	12	0.000014	1
872.339233	33278	0.038032	1
872.339233	5332	0.006094	1
872.339233	107	0.000122	1
874.728516	1	0.000001	2510
874.728516	2	0.000002	11
874.728516	3	0.000003	3
874.728516	4	0.000005	0
874.728516	5	0.000006	1
874.728516	6	0.000007	0
874.728516	7	0.000008	0
874.728516	8	0.000009	0
874.728516	9	0.000010	0
874.728516	10	0.000011	0
874.728516	880000	1.000000	1
874.728516	13	0.000015	1
874.728516	33772	0.038377	1
874.728516	5441	0.006183	1
874.728516	106	0.000120	1
877.112488	1	0.000001	2537
877.112488	2	0.000002	5
877.112488	3	0.000003	2
877.112488	4	0.000005	0
877.112488	5	0.000006	1
877.112488	6	0.000007	0
877.112488	7	0.000008	0
877.112488	8	0.000009	0
877.112488	9	0.000010	0
877.112488	10	0.000011	0
877.112488	885000	1.000000	1
877.112488	12	0.000014	1
877.112488	34280	0.038734	1
877.112488	5585	0.006311	1
877.112488	105	0.000119	1
879.547302	1	0.000001	2551
879.547302	2	0.000002	11
879.547302	3	0.000003	3
879.547302	4	0.000004	0
879.547302	5	0.000006	1
879.547302	6	0.000007	0
879.547302	7	0.000008	0
879.547302	8	0.000009	0
879.547302	9	0.000010	0
879.547302	10	0.000011	0
879.547302	890000	1.000000	1
879.547302	12	0.000013	1
879.547302	34768	0.039065	1
879.547302	5706	0.006411	1
879.547302	106	0.000119	1
880.653442	1	0.000001	2562
880.653442	2	0.000002	8
880.653442	3	0.000003	1
880.653442	4	0.000004	1
880.653442	5	0.000006	1
880.653442	6	0.000007	0
880.653442	7	0.000008	0
880.653442	8	0.000009	0
880.653442	9	0.000010	0
880.653442	10	0.000011	0
880.653442	892223	1.000000	1
880.653442	12	0.000013	1
880.653442	35070	0.039306	1
880.653442	5748	0.006442	1
880.653442	105	0.000118	1
882.028076	1	0.000001	2570
882.028076	2	0.000002	12
882.028076	3	0.000003	2
882.028076	4	0.000004	0
882.028076	5	0.000006	1
882.028076	6	0.000007	0
882.028076	7	0.000008	0
882.028076	8	0.000009	0
882.028076	9	0.000010	0
882.028076	10	0.000011	0
882.028076	895000	1.000000	1
882.028076	12	0.000013	1
882.028076	35299	0.039440	1
882.028076	5803	0.006484	1
882.028076	107	0.000120	1
884.322876	1	0.000001	2590
884.322876	2	0.000002	13
884.322876	3	0.000003	2
884.322876	4	0.000004	0
884.322876	5	0.000006	1
884.322876	6	0.000007	0
884.322876	7	0.000008	0
884.322876	8	0.000009	0
884.322876	9	0.000010	0
884.322876	10	0.000011	0
884.322876	900000	1.000000	1
884.322876	12	0.000013	1
884.322876	35781	0.039757	1
884.322876	5933	0.006592	1
884.322876	107	0.000119	1
886.720459	1	0.000001	2613
886.720459	2	0.000002	15
886.720459	3	0.000003	2
886.720459	4	0.000004	0
886.720459	5	0.000006	1
886.720459	6	0.000007	0
886.720459	7	0.000008	0
886.720459	8	0.000009	0
886.720459	9	0.000010	0
886.720459	10	0.000011	0
886.720459	905000	1.000000	1
886.720459	12	0.000013	1
886.720459	36307	0.040118	1
886.720459	6070	0.006707	1
886.720459	105	0.000116	1
889.148560	1	0.000001	2631
889.148560	2	0.000002	14
889.148560	3	0.000003	2
889.148560	4	0.000004	0
889.148560	5	0.000005	1
889.148560	6	0.000007	0
889.148560	7	0.000008	0
889.148560	8	0.000009	0
889.148560	9	0.000010	0
889.148560	10	0.000011	0
889.148560	910000	1.000000	1
889.148560	13	0.000014	1
889.148560	36799	0.040438	1
889.148560	6217	0.006832	1
889.148560	105	0.000115	1
890.653442	1	0.000001	2644
890.653442	2	0.000002	16
890.653442	3	0.000003	2
890.653442	4	0.000004	0
890.653442	5	0.000005	1
890.653442	6	0.000007	0
890.653442	7	0.000008	0
890.653442	8	0.000009	0
890.653442	9	0.000010	0
890.653442	10	0.000011	0
890.653442	912962	1.000000	1
890.653442	12	0.000013	1
890.653442	37150	0.040692	1
890.653442	6283	0.006882	1
890.653442	105	0.000115	1
891.491943	1	0.000001	2648
891.491943	2	0.000002	16
891.491943	3	0.000003	3
891.491943	4	0.000004	0
891.491943	5	0.000005	1
891.491943	6	0.000007	0
891.491943	7	0.000008	0
891.491943	8	0.000009	0
891.491943	9	0.000010	0
891.491943	10	0.000011	0
891.491943	915000	1.000000	1
891.491943	12	0.000013	1
891.491943	37336	0.040804	1
891.491943	6313	0.006899	1
891.491943	105	0.000115	1
893.823303	1	0.000001	2660
893.823303	2	0.000002	22
893.823303	3	0.000003	2
893.823303	4	0.000004	0
893.823303	5	0.000005	1
893.823303	6	0.000007	0
893.823303	7	0.000008	0
893.823303	8	0.000009	0
893.823303	9	0.000010	0
893.823303	10	0.000011	0
893.823303	920000	1.000000	1
893.823303	12	0.000013	1
893.823303	37877	0.041171	1
893.823303	6439	0.006999	1
893.823303	106	0.000115	1
896.083923	1	0.000001	2689
896.083923	2	0.000002	14
896.083923	3	0.000003	2
896.083923	4	0.000004	0
896.083923	5	0.000005	1
896.083923	6	0.000006	0
896.083923	7	0.000008	0
896.083923	8	0.000009	0
896.083923	9	0.000010	0
896.083923	10	0.000011	0
896.083923	925000	1.000000	1
896.083923	12	0.000013	1
896.083923	38409	0.041523	1
896.083923	6537	0.007067	1
896.083923	105	0.000114	1
898.460693	1	0.000001	2703
898.460693	2	0.000002	19
898.460693	3	0.000003	1
898.460693	4	0.000004	1
898.460693	5	0.000005	1
898.460693	6	0.000006	0
898.460693	7	0.000008	0
898.460693	8	0.000009	0
898.460693	9	0.000010	0
898.460693	10	0.000011	0
898.460693	930000	1.000000	1
898.460693	12	0.000013	1
898.460693	38952	0.041884	1
898.460693	6652	0.007153	1
898.460693	106	0.000114	1
900.653442	1	0.000001	2719
900.653442	2	0.000002	19
900.653442	3	0.000003	2
900.653442	4	0.000004	0
900.653442	5	0.000005	1
900.653442	6	0.000006	0
900.653442	7	0.000007	0
900.653442	8	0.000009	0
900.653442	9	0.000010	0
900.653442	10	0.000011	0
900.653442	934743	1.000000	1
900.653442	12	0.000013	1
900.653442	39442	0.042196	1
900.653442	6745	0.007216	1
900.653442	105	0.000112	1
900.712646	1	0.000001	2722
900.712646	2	0.000002	16
900.712646	3	0.000003	2
900.712646	4	0.000004	0
900.712646	5	0.000005	1
900.712646	6	0.000006	0
900.712646	7	0.000007	0
900.712646	8	0.000009	0
900.712646	9	0.000010	0
900.712646	10	0.000011	0
900.712646	935000	1.000000	1
900.712646	12	0.000013	1
900.712646	39470	0.042214	1
900.712646	6753	0.007222	1
900.712646	105	0.000112	1
903.002441	1	0.000001	2749
903.002441	2	0.000002	13
903.002441	3	0.000003	3
903.002441	4	0.000004	0
903.002441	5	0.000005	1
903.002441	6	0.000006	0
903.002441	7	0.000007	0
903.002441	8	0.000009	0
903.002441	9	0.000010	0
903.002441	10	0.000011	0
903.002441	940000	1.000000	1
903.002441	12	0.000013	1
903.002441	40013	0.042567	1
903.002441	6884	0.007323	1
903.002441	105	0.000112	1
905.320312	1	0.000001	2763
905.320312	2	0.000002	20
905.320312	3	0.000003	2
905.320312	4	0.000004	0
905.320312	5	0.000005	1
905.320312	6	0.000006	0
905.320312	7	0.000007	0
905.320312	8	0.000008	0
905.320312	9	0.000010	0
905.320312	10	0.000011	0
905.320312	945000	1.000000	1
905.320312	12	0.000013	1
905.320312	40471	0.042826	1
905.320312	7003	0.007411	1
905.320312	107	0.000113	1
907.643311	1	0.000001	2790
907.643311	2	0.000002	15
907.643311	3	0.000003	3
907.643311	4	0.000004	0
907.643311	5	0.000005	1
907.643311	6	0.000006	0
907.643311	7	0.000007	0
907.643311	8	0.000008	0
907.643311	9	0.000009	0
907.643311	10	0.000011	0
907.643311	950000	1.000000	1
907.643311	13	0.000014	1
907.643311	41055	0.043216	1
907.643311	7114	0.007488	1
907.643311	106	0.000112	1
909.915710	1	0.000001	2802
909.915710	2	0.000002	18
909.915710	3	0.000003	1
909.915710	4	0.000004	1
909.915710	5	0.000005	1
909.915710	6	0.000006	0
909.915710	7	0.000007	0
909.915710	8	0.000008	0
909.915710	9	0.000009	0
909.915710	10	0.000010	0
909.915710	955000	1.000000	1
909.915710	12	0.000013	1
909.915710	41625	0.043586	1
909.915710	7228	0.007569	1
909.915710	105	0.000110	1
910.653442	1	0.000001	2805
910.653442	2	0.000002	20
910.653442	3	0.000003	2
910.653442	4	0.000004	0
910.653442	5	0.000005	1
910.653442	6	0.000006	0
910.653442	7	0.000007	0
910.653442	8	0.000008	0
910.653442	9	0.000009	0
910.653442	10	0.000010	0
910.653442	956441	1.000000	1
910.653442	13	0.000014	1
910.653442	41747	0.043648	1
910.653442	7284	0.007616	1
910.653442	108	0.000113	1
912.244690	1	0.000001	2830
912.244690	2	0.000002	11
912.244690	3	0.000003	2
912.244690	4	0.000004	0
912.244690	5	0.000005	1
912.244690	6	0.000006	0
912.244690	7	0.000007	0
912.244690	8	0.000008	1
912.244690	9	0.000009	0
912.244690	10	0.000010	0
912.244690	960000	1.000000	1
912.244690	12	0.000012	1
912.244690	42168	0.043925	1
912.244690	7384	0.007692	1
912.244690	107	0.000111	1
914.580139	1	0.000001	2849
914.580139	2	0.000002	12
914.580139	3	0.000003	3
914.580139	4	0.000004	0
914.580139	5	0.000005	1
914.580139	6	0.000006	0
914.580139	7	0.000007	0
914.580139	8	0.000008	0
914.580139	9	0.000009	0
914.580139	10	0.000010	0
914.580139	965000	1.000000	1
914.580139	12	0.000012	1
914.580139	42664	0.044211	1
914.580139	7498	0.007770	1
914.580139	105	0.000109	1
914.580139	18	0.000019	1
916.854858	1	0.000001	2872
916.854858	2	0.000002	15
916.854858	3	0.000003	2
916.854858	4	0.000004	0
916.854858	5	0.000005	1
916.854858	6	0.000006	0
916.854858	7	0.000007	0
916.854858	8	0.000008	0
916.854858	9	0.000009	0
916.854858	10	0.000010	0
916.854858	970000	1.000000	1
916.854858	12	0.000012	1
916.854858	43219	0.044556	1
916.854858	7653	0.007890	1
916.854858	106	0.000109	1
916.854858	34	0.000035	1
919.228943	1	0.000001	2894
919.228943	2	0.000002	16
919.228943	3	0.000003	2
919.228943	4	0.000004	0
919.228943	5	0.000005	0
919.228943	6	0.000006	1
919.228943	7	0.000007	0
919.228943	8	0.000008	0
919.228943	9	0.000009	0
919.228943	10	0.000010	0
919.228943	975000	1.000000	1
919.228943	12	0.000012	1
919.228943	43775	0.044897	1
919.228943	7806	0.008006	1
919.228943	105	0.000108	1
919.228943	48	0.000049	1
920.653442	1	0.000001	2912
920.653442	2	0.000002	15
920.653442	3	0.000003	2
920.653442	4	0.000004	0
920.653442	5	0.000005	1
920.653442	6	0.000006	0
920.653442	7	0.000007	0
920.653442	8	0.000008	0
920.653442	9	0.000009	0
920.653442	10	0.000010	0
920.653442	977981	1.000000	1
920.653442	12	0.000012	1
920.653442	44156	0.045150	1
920.653442	7896	0.008074	1
920.653442	107	0.000109	1
920.653442	59	0.000060	1
921.422852	1	0.000001	2921
921.422852	2	0.000002	10
921.422852	3	0.000003	2
921.422852	4	0.000004	0
921.422852	5	0.000005	1
921.422852	6	0.000006	0
921.422852	7	0.000007	0
921.422852	8	0.000008	0
921.422852	9	0.000009	0
921.422852	10	0.000010	0
921.422852	980000	1.000000	1
921.422852	12	0.000012	1
921.422852	44386	0.045292	1
921.422852	7950	0.008112	1
921.422852	105	0.000107	1
921.422852	64	0.000065	1
923.689758	1	0.000001	2936
923.689758	2	0.000002	18
923.689758	3	0.000003	2
923.689758	4	0.000004	0
923.689758	5	0.000005	1
923.689758	6	0.000006	0
923.689758	7	0.000007	0
923.689758	8	0.000008	0
923.689758	9	0.000009	0
923.689758	10	0.000010	0
923.689758	985000	1.000000	1
923.689758	12	0.000012	1
923.689758	44908	0.045592	1
923.689758	8130	0.008254	1
923.689758	107	0.000109	1
923.689758	78	0.000079	1
926.007812	1	0.000001	2966
926.007812	2	0.000002	15
926.007812	3	0.000003	2
926.007812	4	0.000004	0
926.007812	5	0.000005	1
926.007812	6	0.000006	0
926.007812	7	0.000007	0
926.007812	8	0.000008	0
926.007812	9	0.000009	0
926.007812	10	0.000010	0
926.007812	990000	1.000000	1
926.007812	12	0.000012	1
926.007812	45445	0.045904	1
926.007812	8299	0.008383	1
926.007812	105	0.000106	1
926.007812	90	0.000091	1
928.236389	1	0.000001	2986
928.236389	2	0.000002	19
928.236389	3	0.000003	3
928.236389	4	0.000004	0
928.236389	5	0.000005	1
928.236389	6	0.000006	0
928.236389	7	0.000007	0
928.236389	8	0.000008	0
928.236389	9	0.000009	0
928.236389	10	0.000010	0
928.236389	995000	1.000000	1
928.236389	13	0.000013	1
928.236389	46050	0.046281	1
928.236389	8454	0.008496	1
928.236389	105	0.000106	1
928.236389	102	0.000103	1
930.535706	1	0.000001	3015
930.535706	2	0.000002	18
930.535706	3	0.000003	2
930.535706	4	0.000004	0
930.535706	5	0.000005	1
930.535706	6	0.000006	0
930.535706	7	0.000007	0
930.535706	8	0.000008	0
930.535706	9	0.000009	0
930.535706	10	0.000010	0
930.535706	1000000	1.000000	1
930.535706	12	0.000012	1
930.535706	46610	0.046610	1
930.535706	8612	0.008612	1
930.535706	106	0.000106	1
930.535706	113	0.000113	1
