Population	Parent	Identity	DriverIdentity	DriverMutations	MigrationMutations	Immortal	PassengerMutations	BirthRate	MigrationRate	OriginTime	Descendants
0	0	0	0	0	0	1	0	1.000000	0.001458	0.000000	1000000
0	0	13	13	1	0	1	0	1.230609	0.001458	245.602692	445673
0	0	15	15	1	0	1	0	1.255492	0.001458	251.718521	554327
199800	15	49	49	2	0	1	0	1.721830	0.001458	342.708069	554327
197431	13	59	59	2	0	1	1	1.731097	0.001458	362.982635	445673
15	59	86	86	3	0	1	1	1.996473	0.001458	396.532257	2533
0	49	153	153	3	0	1	0	1.881100	0.001458	439.887177	9735
0	49	184	184	3	0	1	0	2.151698	0.001458	449.184967	139726
9544	153	359	359	4	0	1	0	2.276350	0.001458	492.274017	9735
14911	59	441	441	3	0	1	1	2.130096	0.001458	506.018005	38724
1	49	434	434	3	0	1	0	2.018757	0.001458	504.976898	1
0	49	498	498	3	0	1	0	1.973854	0.001458	511.509216	149973
0	59	484	484	3	0	1	1	2.080997	0.001458	509.847321	103005
487	59	486	486	3	0	1	1	2.308865	0.001458	509.933990	487
1255	59	683	683	3	0	1	1	1.925004	0.001458	529.342529	1255
8257	59	623	623	3	0	1	1	2.205480	0.001458	523.505798	8375
1028	49	785	785	3	0	1	0	1.767914	0.001458	537.618530	1028
21981	441	747	747	4	0	1	1	2.406476	0.001458	533.953674	23813
52841	184	709	709	4	0	1	3	2.942111	0.001458	530.932983	139726
10600	484	759	759	4	0	1	1	2.525669	0.001458	535.216797	103005
35	49	1091	1091	3	0	1	0	2.267481	0.001458	559.014709	35
1205	59	771	771	3	0	1	1	2.021035	0.001458	536.167419	1740
3751	59	850	850	3	0	1	1	2.053265	0.001458	542.740906	4049
172	49	940	940	3	0	1	0	1.775530	0.001458	549.099976	172
0	49	923	923	3	0	1	0	2.220359	0.001458	548.196228	111
81	49	962	962	3	0	1	0	2.254166	0.001458	550.941040	81
4267	59	918	918	3	0	1	1	2.015445	0.001458	547.789185	9438
56	359	1332	1332	5	0	1	0	2.520004	0.001458	571.617249	56
54	359	1563	1563	5	0	1	0	2.375107	0.001458	582.924072	54
92	923	1219	1219	4	0	1	0	2.840830	0.001458	566.235962	111
2927	59	1105	1105	3	0	1	1	2.099844	0.001458	559.800293	2927
286	59	1097	1097	3	0	1	1	1.784056	0.001458	559.176697	286
18276	49	1029	1029	3	0	1	1	2.390237	0.001458	555.599182	18709
13016	59	1036	1036	3	0	1	1	2.175439	0.001458	555.870667	17270
136	49	1220	1220	3	0	1	0	1.837464	0.001458	566.252136	136
19088	59	1120	1120	3	0	1	2	2.058386	0.001458	560.599426	19089
2308	59	1324	1324	3	0	1	1	1.978328	0.001458	571.264526	2308
3062	709	1377	1377	5	0	1	3	3.346541	0.001458	573.653381	3062
77369	759	1547	1547	5	0	1	1	3.544303	0.001458	581.911743	92321
3054	59	1275	1275	3	0	1	1	1.890142	0.001458	569.190674	3054
233	59	1378	1378	3	0	1	1	1.788726	0.001458	573.691284	233
4069	49	1327	1327	3	0	1	0	2.147648	0.001458	571.451599	4070
107920	498	1417	1417	4	0	1	0	3.457312	0.001458	576.073792	149973
13	59	1722	1722	3	0	1	1	2.129789	0.001458	590.599792	5087
2495	49	1532	1532	3	0	1	0	2.360366	0.001458	581.133789	2495
1262	59	1472	1472	3	0	1	1	2.149485	0.001458	578.627075	7326
5787	49	2079	2079	3	0	1	0	2.293455	0.001458	604.502258	5924
18942	709	1786	1786	5	0	1	3	3.619078	0.001458	594.111511	21218
741	49	1695	1695	3	0	1	0	1.879044	0.001458	589.439392	741
6062	1472	1785	1785	4	0	1	1	2.405279	0.001458	593.857971	6062
27551	709	1806	1806	5	0	1	3	3.614337	0.001458	594.645081	27947
42	759	1729	1729	5	0	1	1	2.959486	0.001458	591.098389	42
3114	59	1721	1721	3	0	1	2	1.981296	0.001458	590.586548	3114
5759	59	2104	2104	3	0	1	1	2.246605	0.001458	605.396545	5759
2	623	1765	1765	4	0	1	1	2.208738	0.001458	592.516113	2
40	623	1964	1964	4	0	1	1	2.349005	0.001458	600.567810	40
5	49	1979	1979	3	0	1	0	1.747134	0.001458	601.069092	5
18250	709	1804	1804	5	0	1	3	3.581730	0.001458	594.565674	19150
1	59	1851	1851	3	0	1	1	1.901068	0.001458	596.580750	1
41	49	1859	1859	3	0	1	0	1.904391	0.001458	596.900940	41
292	59	2038	2038	3	0	1	1	1.793473	0.001458	603.063477	292
168	59	2784	2784	3	0	1	1	2.014127	0.001458	626.981934	168
158	709	1988	1988	5	0	1	3	3.264246	0.001458	601.461060	158
584	49	2092	2092	3	0	1	0	1.987055	0.001458	604.976990	584
2499	86	1929	1929	4	0	1	1	2.374197	0.001458	599.166748	2518
4894	59	1958	1958	3	0	1	1	2.149757	0.001458	600.373047	4894
155	59	2388	2388	3	0	1	1	1.818867	0.001458	615.040222	155
526	49	2081	2081	3	0	1	0	2.092629	0.001458	604.636230	526
4589	1417	2010	2010	5	0	1	0	4.057941	0.001458	602.361816	17887
8	623	2390	2390	4	0	1	2	2.429374	0.001458	615.066833	8
298	850	2085	2085	4	0	1	1	2.187406	0.001458	604.692871	298
251	59	2032	2032	3	0	1	1	1.826427	0.001458	602.929749	251
317	709	2144	2144	5	0	1	3	3.301156	0.001458	606.725159	317
1313	1547	2366	2366	6	0	1	2	3.871668	0.001458	614.478516	1320
0	49	2082	2082	3	0	1	0	1.994214	0.001458	604.637573	22
5156	918	2115	2115	4	0	1	1	2.440177	0.001458	605.804016	5156
763	49	2253	2253	3	0	1	0	2.013451	0.001458	610.608276	763
69	59	2173	2173	3	0	1	1	2.020207	0.001458	607.760986	69
2876	1547	2236	2236	6	0	1	2	4.002834	0.001458	610.045227	2876
64	359	2239	2239	5	0	1	0	2.293157	0.001458	610.168335	64
510	59	2241	2241	3	0	1	1	1.842994	0.001458	610.229675	510
5126	49	2262	2262	3	0	1	0	2.331829	0.001458	610.897156	5162
6	59	2466	2466	3	0	1	1	1.886413	0.001458	617.400757	6
280	1417	2231	2231	5	0	1	0	3.796076	0.001458	609.835205	280
67	623	2230	2230	4	0	1	1	2.249593	0.001458	609.829163	67
606	59	2490	2490	3	0	1	2	2.016481	0.001458	618.506775	606
535	771	2558	2558	4	0	1	1	2.252239	0.001458	620.711365	535
5074	1722	2274	2274	4	0	1	1	2.497312	0.001458	611.237122	5074
3237	49	2373	2373	3	0	1	0	2.199476	0.001458	614.688599	3237
16	49	2536	2536	3	0	1	0	1.749964	0.001458	619.962769	16
22	2082	2263	2263	4	0	1	0	2.177521	0.001458	610.908691	22
288	1804	3319	3319	6	0	1	3	3.686061	0.001458	639.452759	288
6595	49	2283	2283	3	0	1	0	2.467257	0.001458	611.526245	6596
91	709	2300	2300	5	0	1	3	3.297204	0.001458	612.211548	91
1051	1547	2477	2477	6	0	1	1	4.073709	0.001458	617.928162	1051
1743	1547	2301	2301	6	0	1	1	3.889223	0.001458	612.236389	1814
17	359	2362	2362	5	0	1	0	2.322926	0.001458	614.309692	17
966	59	2313	2313	3	0	1	1	1.933540	0.001458	612.505005	966
1828	747	2314	2314	5	0	1	1	2.647115	0.001458	612.511475	1828
78	49	2424	2424	3	0	1	0	1.749361	0.001458	616.340332	78
6406	1417	2505	2505	5	0	1	0	3.974755	0.001458	619.185242	6406
113	59	2416	2416	3	0	1	1	1.835972	0.001458	615.934082	113
225	49	2520	2520	3	0	1	0	1.861138	0.001458	619.517395	225
13985	709	2423	2423	5	0	1	3	4.223260	0.001458	616.304993	14003
6	1219	2575	2575	5	0	1	1	3.031883	0.001458	621.381897	6
391	59	2501	2501	3	0	1	1	1.909685	0.001458	619.104126	391
37	1417	3415	3415	5	0	1	0	3.609569	0.001458	641.548889	37
8	59	2533	2533	3	0	1	1	2.106055	0.001458	619.933899	8
1182	59	2821	2821	3	0	1	1	2.175262	0.001458	627.858276	1182
45	49	2517	2517	3	0	1	0	2.112325	0.001458	619.432068	45
616	1417	2777	2777	5	0	1	0	3.780310	0.001458	626.870422	616
4523	1417	2640	2640	5	0	1	0	3.907777	0.001458	623.077515	4523
452	1417	2600	2600	5	0	1	1	3.549276	0.001458	622.043091	452
1622	1786	2594	2594	6	0	1	3	3.774324	0.001458	621.898743	1819
39	59	2844	2844	3	0	1	1	1.947329	0.001458	628.702576	39
7052	1547	2641	2641	6	0	1	1	4.523110	0.001458	623.088013	7052
33	49	3533	3533	3	0	1	1	1.914552	0.001458	644.377747	33
888	709	3121	3121	5	0	1	3	3.502741	0.001458	635.271851	888
1199	49	2723	2723	3	0	1	0	2.163823	0.001458	625.150208	1199
62	49	2657	2657	3	0	1	0	1.757500	0.001458	623.652527	62
662	49	2663	2663	3	0	1	0	1.997255	0.001458	623.755249	662
323	59	2677	2677	3	0	1	1	1.944595	0.001458	624.052795	323
3483	1036	2965	2965	4	0	1	1	2.798703	0.001458	631.935974	3485
42	759	2961	2961	5	0	1	1	2.884793	0.001458	631.903870	42
28	59	2765	2765	3	0	1	1	1.764567	0.001458	626.583618	28
499	2010	2722	2722	6	0	1	0	4.372092	0.001458	625.148499	499
23	59	2688	2688	3	0	1	1	1.753672	0.001458	624.286011	23
642	59	2860	2860	3	0	1	1	2.129178	0.001458	629.145813	642
11236	1417	2997	2997	5	0	1	0	4.556660	0.001458	632.548584	11236
645	1036	2792	2792	4	0	1	1	2.577516	0.001458	627.175720	645
96	1036	2812	2812	4	0	1	2	2.236696	0.001458	627.572083	96
126	59	2817	2817	3	0	1	1	1.750794	0.001458	627.788879	126
11	49	3504	3504	3	0	1	1	1.726477	0.001458	643.761230	11
15	1417	3930	3930	5	0	1	1	3.476016	0.001458	652.953552	15
447	1786	3021	3021	6	0	1	3	3.873127	0.001458	633.261719	447
65	1547	3022	3022	6	0	1	2	3.594190	0.001458	633.275269	65
99	2010	3264	3264	6	0	1	0	4.364779	0.001458	638.304077	122
942	49	2978	2978	3	0	1	0	2.193739	0.001458	632.238037	942
28	59	2929	2929	3	0	1	1	1.896939	0.001458	631.228699	28
73	1417	3236	3236	5	0	1	0	3.559026	0.001458	637.955933	73
12676	2010	2969	2969	6	0	1	0	5.353469	0.001458	631.987671	12677
610	1804	2966	2966	6	0	1	3	3.926828	0.001458	631.965149	610
467	59	3019	3019	3	0	1	1	2.029153	0.001458	633.148682	467
13	1219	3523	3523	5	0	1	0	3.227575	0.001458	644.178894	13
1	2283	3865	3865	4	0	0	0	2.475326	0.001458	651.790527	1
274	1417	3197	3197	5	0	1	0	3.702081	0.001458	636.949890	274
98	59	2995	2995	3	0	1	1	1.881177	0.001458	632.541626	98
77	59	3598	3598	3	0	1	1	2.090317	0.001458	645.866333	77
48	59	3446	3446	3	0	1	2	1.951443	0.001458	642.404785	48
112	1547	3157	3157	6	0	1	2	3.649256	0.001458	636.059998	112
1	49	3953	3953	3	0	0	0	1.778856	0.001458	653.414490	1
322	49	3209	3209	3	0	1	0	1.980246	0.001458	637.223450	322
291	1806	3494	3494	6	0	1	4	4.055631	0.001458	643.538147	291
62	59	3092	3092	3	0	1	2	1.812472	0.001458	634.779968	62
15	49	3080	3080	3	0	1	1	2.313823	0.001458	634.480347	15
113	1029	3049	3049	4	0	1	2	2.551810	0.001458	633.793457	167
3	59	3340	3340	3	0	1	1	1.803125	0.001458	639.827454	3
11	1806	3799	3799	6	0	1	3	3.668343	0.001458	650.098572	11
19	1929	3495	3495	5	0	1	2	2.403995	0.001458	643.539246	19
76	49	3169	3169	3	0	1	0	1.785048	0.001458	636.338867	76
575	49	3459	3459	3	0	1	0	2.426863	0.001458	642.692200	575
266	1029	3426	3426	4	0	1	1	2.603158	0.001458	641.817261	266
1	1417	3931	3931	5	0	0	0	3.588711	0.001458	652.967407	1
14	49	3822	3822	3	0	1	1	1.759940	0.001458	650.742310	14
2	59	3863	3863	3	0	1	1	1.835441	0.001458	651.776001	2
115	1417	3291	3291	5	0	1	0	3.562794	0.001458	638.875610	115
64	1806	3488	3488	6	0	1	3	3.875239	0.001458	643.269470	64
76	59	3448	3448	3	0	1	1	1.841242	0.001458	642.430115	76
197	2594	3500	3500	7	0	1	3	4.326298	0.001458	643.710510	197
299	49	3528	3528	3	0	1	0	2.067197	0.001458	644.292786	299
6	59	3571	3571	3	0	1	1	1.733533	0.001458	645.335449	6
574	1547	3514	3514	6	0	1	1	4.065609	0.001458	643.943604	574
10	49	3429	3429	3	0	1	0	1.820444	0.001458	641.890808	10
1	709	3952	3952	5	0	0	3	3.277645	0.001458	653.400024	1
135	2079	3605	3605	4	0	1	0	3.187636	0.001458	645.970276	135
353	59	3399	3399	3	0	1	1	2.418719	0.001458	641.115295	353
1	59	3939	3939	3	0	0	1	1.794014	0.001458	653.190247	1
71	2301	3590	3590	7	0	1	1	4.231981	0.001458	645.727173	71
5	59	3686	3686	3	0	1	1	1.810738	0.001458	647.710876	5
28	2262	3599	3599	4	0	1	0	2.575972	0.001458	645.884583	28
14	918	3521	3521	4	0	1	1	2.219012	0.001458	644.142273	14
123	59	3668	3668	3	0	1	1	2.129297	0.001458	647.210388	123
14	1806	3859	3859	6	0	1	3	3.899672	0.001458	651.655884	14
26	1036	3568	3568	4	0	1	1	2.462137	0.001458	645.281921	26
3	2423	3884	3884	6	0	0	3	4.264907	0.001458	652.177063	3
8	59	3845	3845	3	0	1	1	1.751841	0.001458	651.318237	8
1	59	3942	3942	3	0	0	1	1.944330	0.001458	653.263855	1
8	2262	3695	3695	4	0	1	0	2.707755	0.001458	647.943542	8
6	59	3735	3735	3	0	1	1	1.820756	0.001458	648.779907	6
36	709	3813	3813	5	0	1	3	2.955138	0.001458	650.542542	36
7	59	3746	3746	3	0	1	1	2.011516	0.001458	648.958862	7
135	1417	3763	3763	5	0	1	0	3.946464	0.001458	649.359924	135
54	3049	3862	3862	5	0	1	2	3.111777	0.001458	651.761902	54
7	49	3682	3682	3	0	1	0	1.808561	0.001458	647.586060	7
14	59	3710	3710	3	0	1	1	1.783228	0.001458	648.259216	14
1	1036	3957	3957	4	0	0	1	2.264836	0.001458	653.572815	1
24	49	3674	3674	3	0	1	0	1.945123	0.001458	647.378845	24
15	2423	3812	3812	6	0	1	3	4.667889	0.001458	650.514160	15
84	1547	3680	3680	6	0	1	1	4.140238	0.001458	647.473877	84
4	1806	3895	3895	6	0	1	3	3.672315	0.001458	652.354980	4
2	2079	3871	3871	4	0	0	0	2.370258	0.001458	651.896667	2
11	1806	3950	3950	6	0	1	3	3.832921	0.001458	653.374084	11
1	1120	3956	3956	4	0	0	2	2.170610	0.001458	653.561523	1
3	1417	3844	3844	5	0	0	0	4.158792	0.001458	651.299744	3
26	49	3736	3736	3	0	1	0	1.846818	0.001458	648.807922	26
2	2965	3940	3940	5	0	0	1	2.802197	0.001458	653.203247	2
1	1327	3933	3933	4	0	0	2	2.226474	0.001458	653.050659	1
7	2366	3839	3839	7	0	0	2	4.068567	0.001458	651.229492	7
23	3264	3882	3882	7	0	1	0	4.556191	0.001458	652.122131	23
8	1786	3878	3878	6	0	1	4	3.858041	0.001458	651.985779	8
7	49	3854	3854	3	0	1	0	1.910628	0.001458	651.567749	7
2	49	3945	3945	3	0	0	0	1.893634	0.001458	653.302307	2
2	1804	3868	3868	6	0	1	3	3.699174	0.001458	651.822876	2
5	59	3872	3872	3	0	0	1	1.814316	0.001458	651.899536	5
1	1806	3914	3914	6	0	0	3	3.652601	0.001458	652.685913	1
2	747	3932	3932	5	0	0	1	2.475081	0.001458	653.013245	2
2	49	3938	3938	3	0	0	0	1.745636	0.001458	653.141663	2
2	1472	3887	3887	4	0	0	1	2.529841	0.001458	652.241272	2
1	1036	3947	3947	4	0	0	1	2.192621	0.001458	653.317383	1
3	1547	3929	3929	6	0	0	1	3.778434	0.001458	652.900818	3
1	918	3949	3949	4	0	0	1	2.144902	0.001458	653.336731	1
1	1547	3960	3960	6	0	0	1	3.799519	0.001458	653.638794	1
1	2969	3954	3954	7	0	0	0	5.453716	0.001458	653.470276	1
1	49	3922	3922	3	0	0	0	2.018410	0.001458	652.824768	1
1	709	3915	3915	5	0	0	3	3.065750	0.001458	652.695679	1
1	623	3959	3959	4	0	0	1	3.058480	0.001458	653.626221	1
2	747	3907	3907	5	0	0	1	2.487261	0.001458	652.541626	2
13	709	3908	3908	5	0	1	3	3.594154	0.001458	652.543823	13
2	1786	3944	3944	6	0	0	3	3.704339	0.001458	653.273804	2
