Population	Parent	Identity	DriverIdentity	DriverMutations	MigrationMutations	Immortal	PassengerMutations	BirthRate	MigrationRate	OriginTime	Descendants
0	0	0	0	0	0	1	0	1.000000	0.000000	0.000000	1000000
0	0	1	1	1	0	1	0	1.055919	0.000000	3.849531	1000000
0	1	46	46	2	0	1	0	1.174165	0.000000	118.940445	40960
0	1	75	75	2	0	1	0	1.313656	0.000000	162.110870	49153
0	75	100	100	3	0	1	0	1.637071	0.000000	207.479248	49153
271	1	118	118	2	0	1	1	1.354336	0.000000	225.736832	65536
0	46	106	106	3	0	1	0	1.510197	0.000000	214.693558	40960
0	189	237	237	4	0	1	1	2.101386	0.000000	330.001984	8192
0	1	172	172	2	0	1	0	1.308981	0.000000	281.187164	844351
0	106	186	186	4	0	1	0	1.781503	0.000000	290.712067	40960
0	118	189	189	3	0	1	1	1.601123	0.000000	291.781769	8192
0	172	224	224	3	0	1	0	1.496658	0.000000	321.927979	8192
0	172	233	233	3	0	1	2	1.672995	0.000000	328.175995	836159
0	237	258	258	5	0	1	2	2.196110	0.000000	345.464050	8192
0	186	245	245	5	0	1	0	2.120968	0.000000	334.090057	40960
0	100	246	246	4	0	1	0	2.322130	0.000000	334.784424	49153
0	246	349	349	5	0	1	1	2.506230	0.000000	395.396820	49153
0	224	281	281	4	0	1	0	1.749494	0.000000	356.363922	8192
0	281	352	352	5	0	1	0	2.145891	0.000000	396.081024	8192
0	349	459	459	6	0	1	1	2.582259	0.000000	444.998749	49153
0	245	385	385	6	0	1	0	2.440813	0.000000	409.333740	40960
0	233	408	408	4	0	1	2	1.831149	0.000000	419.094391	836159
0	258	432	432	6	0	1	2	2.390630	0.000000	434.714447	8192
32572	385	490	490	7	0	1	0	2.569051	0.000000	459.334198	40960
0	118	536	536	3	0	1	1	1.452273	0.000000	480.807800	32768
0	352	532	532	6	0	1	0	2.850374	0.000000	479.025482	8192
0	432	537	537	7	0	1	3	2.692027	0.000000	481.578735	8192
649	408	527	527	5	0	1	2	2.640137	0.000000	477.138885	836159
0	459	630	630	7	0	1	1	2.753703	0.000000	514.550293	24577
0	527	637	637	6	0	1	2	2.945211	0.000000	516.090942	98304
7404	118	667	667	3	0	1	1	1.550738	0.000000	523.542358	16384
0	527	758	758	6	0	1	2	3.332265	0.000000	540.412781	16384
0	527	901	901	6	0	1	2	3.131807	0.000000	562.689514	8192
0	527	734	734	6	0	1	2	3.086951	0.000000	536.932861	163840
0	527	812	812	6	0	1	2	2.890617	0.000000	548.321106	106498
0	536	788	788	4	0	1	1	1.891256	0.000000	545.172974	32768
0	527	833	833	6	0	1	2	3.007272	0.000000	552.113159	92102
0	532	881	881	7	0	1	0	3.086423	0.000000	559.956238	8192
15800	527	916	916	6	0	1	2	2.738460	0.000000	564.532410	16214
32761	812	979	979	7	0	1	2	3.332730	0.000000	572.158325	106498
3561	758	978	978	7	0	1	2	4.156764	0.000000	572.106079	16384
9212	833	1003	1003	7	0	1	2	3.609953	0.000000	574.467651	92102
8188	527	1097	1097	6	0	1	2	2.854056	0.000000	584.661133	24576
18250	788	1020	1020	5	0	1	1	2.110299	0.000000	575.716553	32768
32213	527	1272	1272	6	0	1	3	3.496364	0.000000	599.891968	49152
8528	527	1048	1048	6	0	1	2	2.939102	0.000000	578.911194	40960
11	537	1105	1105	8	0	1	3	3.290420	0.000000	585.372192	8192
55838	637	1072	1072	7	0	1	2	3.356584	0.000000	581.752747	98304
8375	527	1063	1063	6	0	1	2	3.232199	0.000000	580.586609	31344
0	459	1070	1070	7	0	1	1	3.109042	0.000000	581.646545	24576
18220	734	1135	1135	7	0	1	3	3.651976	0.000000	588.644958	163840
17003	527	1277	1277	6	0	1	3	3.040653	0.000000	600.235352	49154
8310	979	1173	1173	8	0	1	2	3.669848	0.000000	592.685486	40961
0	901	1178	1178	7	0	1	2	3.690654	0.000000	592.901672	8192
0	527	1261	1261	6	0	1	2	3.296755	0.000000	599.081543	49154
0	527	1259	1259	6	0	1	2	3.086868	0.000000	598.871521	24578
40	1070	1424	1424	8	0	1	1	3.270127	0.000000	609.567139	40
56635	1003	1311	1311	8	0	1	2	3.748855	0.000000	603.318359	57053
1097	1072	1337	1337	8	0	1	2	3.377198	0.000000	605.506775	1098
40781	527	1331	1331	6	0	1	2	2.861579	0.000000	605.166382	49119
7	527	1438	1438	6	0	1	2	3.097549	0.000000	610.348572	8193
714	667	1373	1373	4	0	1	1	1.622331	0.000000	607.418701	714
3806	1135	1362	1362	8	0	1	3	3.759375	0.000000	606.711304	52816
24526	1070	1391	1391	8	0	1	1	3.342668	0.000000	608.093994	24536
48972	1261	1594	1594	7	0	1	2	4.034072	0.000000	617.808350	49154
23363	1135	1416	1416	8	0	1	3	4.126897	0.000000	609.193237	24576
8062	1272	1548	1548	7	0	1	3	4.051072	0.000000	615.900757	16384
8197	1277	1472	1472	7	0	1	3	3.685854	0.000000	612.048035	16384
99	630	1537	1537	8	0	1	1	3.884362	0.000000	615.374512	24577
4813	1020	1657	1657	6	0	1	1	2.218187	0.000000	620.430359	4813
8269	1020	1543	1543	6	0	1	1	2.277730	0.000000	615.703735	8269
13	979	1558	1558	8	0	1	2	3.582526	0.000000	616.379700	16384
8017	881	1560	1560	8	0	1	0	4.302523	0.000000	616.430603	8192
408	1259	1577	1577	7	0	1	2	3.338040	0.000000	617.123413	408
4291	979	1755	1755	8	0	1	2	4.144335	0.000000	624.087341	16384
8191	1548	2126	2126	8	0	1	3	4.473392	0.000000	636.017822	8192
15788	1097	1767	1767	7	0	1	2	3.241912	0.000000	624.772705	16384
8192	490	1846	1846	8	0	1	0	3.268119	0.000000	627.144897	8192
7920	118	1820	1820	3	0	1	1	1.594564	0.000000	626.364319	7921
885	1173	2054	2054	9	0	1	2	4.502385	0.000000	634.142151	16384
7746	527	1921	1921	6	0	1	2	2.873398	0.000000	629.727234	7746
26208	1072	1791	1791	8	0	1	2	3.720783	0.000000	625.746155	32768
8186	1178	2156	2156	8	0	1	2	4.269548	0.000000	636.840637	8192
1012	1331	2205	2205	7	0	1	2	2.934635	0.000000	638.285095	1012
0	1135	1864	1864	8	0	1	3	4.447379	0.000000	627.898132	16384
24039	1259	2081	2081	7	0	1	2	3.569979	0.000000	634.694153	24170
102	1755	2123	2123	9	0	1	3	4.248807	0.000000	635.890625	102
16339	1135	1812	1812	8	0	1	3	3.934060	0.000000	626.132935	16352
14936	1003	1832	1832	8	0	1	2	4.618006	0.000000	626.718994	16384
15442	1135	1839	1839	8	0	1	3	3.765270	0.000000	626.955688	23641
160	1048	1911	1911	7	0	1	2	3.071113	0.000000	629.312195	160
3052	1173	1895	1895	9	0	1	3	4.245986	0.000000	628.943054	8192
15399	1277	2031	2031	7	0	1	3	3.367779	0.000000	633.470764	15399
0	1362	1960	1960	9	0	1	3	5.122265	0.000000	630.951172	16384
2563	1135	1980	1980	8	0	1	5	3.786946	0.000000	631.790222	2563
11973	1755	2038	2038	9	0	1	2	4.364008	0.000000	633.709045	11991
3102	1048	2149	2149	7	0	1	2	3.073387	0.000000	636.688416	3102
8181	1105	2002	2002	9	0	1	3	3.598054	0.000000	632.338989	8181
23988	1048	2004	2004	7	0	1	2	3.269786	0.000000	632.357788	24035
8147	1135	2133	2133	8	0	1	4	4.353864	0.000000	636.239624	8192
554	1272	2105	2105	7	0	1	3	3.497873	0.000000	635.438660	554
1311	1003	2584	2584	8	0	1	2	4.044253	0.000000	647.723816	1311
8049	1472	2639	2639	8	0	1	4	4.390473	0.000000	648.958923	8051
208	1020	2255	2255	6	0	1	1	2.212683	0.000000	639.777710	208
8174	978	2299	2299	8	0	1	2	5.156935	0.000000	640.693237	8192
1945	1558	2450	2450	9	0	1	2	3.963888	0.000000	644.672546	1945
16259	1537	2389	2389	9	0	1	1	4.402849	0.000000	642.914673	16286
12634	1558	2320	2320	9	0	1	2	4.119635	0.000000	641.228210	14426
105	1135	2374	2374	8	0	1	4	4.161860	0.000000	642.462280	105
32616	1362	2354	2354	9	0	1	3	4.275912	0.000000	641.995422	32621
418	1003	2501	2501	8	0	1	3	3.758348	0.000000	645.733826	418
5140	1895	3021	3021	10	0	1	4	5.063043	0.000000	656.463867	5140
16384	1864	2528	2528	9	0	1	3	5.322522	0.000000	646.430359	16384
817	1135	2518	2518	8	0	1	3	3.891134	0.000000	646.043274	817
4308	1072	2804	2804	8	0	1	2	3.898400	0.000000	652.521057	4748
7914	667	2472	2472	4	0	1	1	2.662524	0.000000	645.266968	8192
184	1311	2521	2521	9	0	1	2	3.876799	0.000000	646.186035	184
5112	1048	2733	2733	7	0	1	2	3.315341	0.000000	650.988708	5112
192	1311	2857	2857	9	0	1	3	3.950504	0.000000	653.536621	192
130	490	2616	2616	8	0	1	0	2.640374	0.000000	648.469543	130
25	1548	2653	2653	8	0	1	4	4.052490	0.000000	649.316589	25
1447	1832	2502	2502	9	0	1	2	4.758924	0.000000	645.737549	1447
7967	1063	2740	2740	7	0	1	2	3.912291	0.000000	651.205078	8007
29	1767	3158	3158	8	0	1	2	3.357469	0.000000	658.998657	29
4630	978	2596	2596	8	0	1	2	4.449050	0.000000	647.959167	4630
8078	1839	2761	2761	9	0	1	4	4.479750	0.000000	651.548218	8190
144	1560	2901	2901	9	0	1	0	4.434589	0.000000	654.368225	144
7870	1537	2847	2847	9	0	1	1	5.371634	0.000000	653.364075	8192
414	916	2671	2671	7	0	1	2	2.861406	0.000000	649.760742	414
16375	1960	3077	3077	10	0	1	3	7.036587	0.000000	657.533936	16384
136	1472	2676	2676	8	0	1	3	4.257067	0.000000	649.847656	136
278	2472	2926	2926	5	0	1	1	3.007662	0.000000	654.881775	278
24	1135	2710	2710	8	0	1	3	3.761938	0.000000	650.591248	24
1	1072	3538	3538	8	0	0	3	3.483637	0.000000	665.047363	1
6	2156	3754	3754	9	0	0	2	4.284068	0.000000	668.117615	6
25	1277	2814	2814	7	0	1	3	3.246119	0.000000	652.762512	25
7213	1331	2796	2796	7	0	1	2	3.361581	0.000000	652.360657	7213
664	1020	2819	2819	6	0	1	1	2.475093	0.000000	652.815369	664
563	1020	2845	2845	6	0	1	1	2.388268	0.000000	653.267639	563
5802	3033	3400	3400	8	0	1	2	5.150395	0.000000	662.902100	5803
39	1311	3446	3446	9	0	1	2	3.953161	0.000000	663.673218	39
7	1839	3647	3647	9	0	0	3	3.842865	0.000000	666.638550	7
1	1311	3863	3863	9	0	0	2	3.751123	0.000000	669.541931	1
115	1072	3164	3164	8	0	1	2	3.598066	0.000000	659.147339	115
15494	2054	2917	2917	10	0	1	2	5.157483	0.000000	654.724792	15499
2383	1438	3033	3033	7	0	1	2	3.960562	0.000000	656.713806	8186
126	1072	3163	3163	8	0	1	2	3.608413	0.000000	659.132263	126
246	1277	3051	3051	7	0	1	3	3.390339	0.000000	656.957275	246
40	2740	3533	3533	8	0	1	2	3.969240	0.000000	664.942993	40
14960	1063	3234	3234	7	0	1	2	5.024615	0.000000	660.325928	14960
7436	1003	3143	3143	8	0	1	2	4.499952	0.000000	658.712891	7724
115	2081	3059	3059	8	0	1	2	3.656291	0.000000	657.169250	115
284	3143	3437	3437	9	0	1	2	4.724865	0.000000	663.544312	284
554	1767	3182	3182	8	0	1	2	3.688606	0.000000	659.424927	554
74	667	3378	3378	4	0	1	1	1.654819	0.000000	662.630127	74
44	2761	3174	3174	10	0	1	4	4.586317	0.000000	659.326538	44
8	490	3372	3372	8	0	1	0	2.844635	0.000000	662.524048	8
1	1337	3865	3865	9	0	0	3	3.520661	0.000000	669.548096	1
6553	1791	3094	3094	9	0	1	2	4.351320	0.000000	657.763550	6553
256	1072	3209	3209	8	0	1	2	3.483164	0.000000	659.866333	256
16	1277	3501	3501	7	0	1	3	3.170547	0.000000	664.600891	16
105	1548	3177	3177	8	0	1	3	4.118214	0.000000	659.360840	105
32	1277	3489	3489	7	0	1	3	3.269510	0.000000	664.358459	32
8074	1173	3183	3183	9	0	1	2	5.013969	0.000000	659.428528	8074
15	1416	3659	3659	9	0	1	3	4.641856	0.000000	666.800415	15
22	2004	3452	3452	8	0	1	2	3.604105	0.000000	663.742004	22
47	1277	3227	3227	7	0	1	3	3.487401	0.000000	660.270447	47
5	1594	3506	3506	8	0	1	2	4.300981	0.000000	664.629150	5
23	1048	3195	3195	7	0	1	2	3.012931	0.000000	659.626404	23
249	1416	3211	3211	9	0	1	3	4.351118	0.000000	659.916138	249
331	1072	3247	3247	8	0	1	2	3.657709	0.000000	660.506592	3288
2957	3247	3273	3273	9	0	1	2	4.298487	0.000000	660.915161	2957
6	979	3553	3553	8	0	1	2	4.252201	0.000000	665.412476	6
322	2847	3251	3251	10	0	1	1	5.726165	0.000000	660.529541	322
5	490	3503	3503	8	0	1	0	2.928120	0.000000	664.618408	5
143	1594	3392	3392	8	0	1	2	4.213978	0.000000	662.822388	143
147	1135	3349	3349	8	0	1	3	4.363522	0.000000	662.173218	147
1	2126	3868	3868	9	0	0	3	4.526076	0.000000	669.574280	1
25	1594	3494	3494	8	0	1	2	4.058693	0.000000	664.509338	25
1	1135	3870	3870	8	0	0	3	3.736469	0.000000	669.590820	1
27	490	3385	3385	8	0	1	0	2.635546	0.000000	662.753052	27
45	2133	3313	3313	9	0	1	4	4.482059	0.000000	661.529297	45
12	1767	3398	3398	8	0	1	2	3.256342	0.000000	662.889709	12
440	2804	3474	3474	9	0	1	2	3.979568	0.000000	664.047668	440
19	1331	3564	3564	7	0	1	2	2.985124	0.000000	665.521912	19
2	1063	3813	3813	7	0	0	2	3.565395	0.000000	668.953369	2
91	1331	3675	3675	7	0	1	2	3.569039	0.000000	666.962341	91
1	1072	3440	3440	8	0	1	2	3.636424	0.000000	663.576660	1
68	2761	3502	3502	10	0	1	4	4.968975	0.000000	664.602783	68
4	2004	3739	3739	8	0	0	2	3.489993	0.000000	667.781616	4
1	2081	3456	3456	8	0	1	2	3.772083	0.000000	663.791626	1
2	1097	3586	3586	7	0	1	2	2.946940	0.000000	665.786682	2
29	1560	3585	3585	9	0	1	0	4.354368	0.000000	665.766907	29
5	1391	3830	3830	9	0	0	1	3.580420	0.000000	669.149963	5
22	1072	3663	3663	8	0	1	2	3.388339	0.000000	666.829102	22
21	2004	3515	3515	8	0	1	2	3.721367	0.000000	664.753601	21
4	490	3761	3761	8	0	0	1	2.724993	0.000000	668.232788	4
1	3400	3801	3801	9	0	0	2	5.177546	0.000000	668.791504	1
1	1416	3793	3793	9	0	0	3	4.246247	0.000000	668.635986	1
27	2320	3599	3599	10	0	1	2	4.680866	0.000000	665.946228	27
2	1072	3841	3841	8	0	0	2	3.515057	0.000000	669.244263	2
2	1331	3782	3782	7	0	0	3	2.895144	0.000000	668.496948	2
2	1560	3867	3867	9	0	0	0	4.396387	0.000000	669.564514	2
1	1767	3876	3876	8	0	0	2	3.273845	0.000000	669.651917	1
3	3143	3731	3731	9	0	0	2	4.598503	0.000000	667.692566	3
89	1416	3589	3589	9	0	1	3	4.497383	0.000000	665.802429	89
859	1416	3603	3603	9	0	1	3	5.386974	0.000000	665.999634	859
8	1072	3792	3792	8	0	1	2	3.387635	0.000000	668.633240	8
22	490	3742	3742	8	0	1	0	3.205471	0.000000	667.806396	22
32	2320	3640	3640	10	0	1	2	4.145046	0.000000	666.530884	32
9	3077	3677	3677	11	0	1	3	7.230851	0.000000	666.973633	9
1723	2320	3608	3608	10	0	1	2	5.834902	0.000000	666.013367	1723
27	2389	3832	3832	10	0	1	3	6.083561	0.000000	669.155334	27
30	1072	3610	3610	8	0	1	2	3.671477	0.000000	666.025269	30
7	1791	3690	3690	9	0	1	2	3.780013	0.000000	667.136658	7
2	979	3845	3845	8	0	0	2	3.987028	0.000000	669.315247	2
18	2299	3696	3696	9	0	1	3	5.569068	0.000000	667.201904	18
1	1173	3853	3853	9	0	0	2	4.559534	0.000000	669.463196	1
3	2917	3842	3842	11	0	0	4	5.172163	0.000000	669.284607	3
5	1362	3846	3846	9	0	0	3	3.960663	0.000000	669.316162	5
10	2320	3706	3706	10	0	1	2	4.526596	0.000000	667.387390	10
5	1391	3718	3718	9	0	0	1	3.755529	0.000000	667.510437	5
2	2639	3864	3864	9	0	0	4	4.633829	0.000000	669.544067	2
1	1331	3774	3774	7	0	0	2	2.892914	0.000000	668.398743	1
18	2038	3719	3719	10	0	1	3	4.516887	0.000000	667.516602	18
12	1812	3720	3720	9	0	1	3	4.027098	0.000000	667.519592	12
7	1594	3838	3838	8	0	1	2	4.342753	0.000000	669.225830	7
2	1135	3729	3729	8	0	0	3	3.673854	0.000000	667.656860	2
2	2354	3873	3873	10	0	0	3	4.641608	0.000000	669.609009	2
1	1832	3869	3869	9	0	0	2	4.933248	0.000000	669.582947	1
2	1839	3854	3854	9	0	0	4	4.435390	0.000000	669.481628	2
2	1594	3788	3788	8	0	0	2	4.565308	0.000000	668.589050	2
13	2081	3789	3789	8	0	1	2	3.921214	0.000000	668.589783	13
2	1097	3840	3840	7	0	0	2	3.041825	0.000000	669.240356	2
2	2081	3803	3803	8	0	0	3	3.648252	0.000000	668.804321	2
2	1277	3825	3825	7	0	0	3	3.506482	0.000000	669.110352	2
1	1311	3862	3862	9	0	0	2	3.915318	0.000000	669.537048	1
2	2917	3850	3850	11	0	0	2	5.565989	0.000000	669.398682	2
1	3143	3823	3823	9	0	0	3	4.537442	0.000000	669.103760	1
1	978	3819	3819	8	0	0	3	4.835413	0.000000	669.024719	1
1	1272	3811	3811	7	0	0	3	4.280767	0.000000	668.909973	1
3	1072	3857	3857	8	0	0	3	3.407550	0.000000	669.494263	3
1	1020	3817	3817	6	0	0	1	2.375883	0.000000	669.004578	1
1	1311	3858	3858	9	0	0	2	3.782657	0.000000	669.496277	1
1	1820	3871	3871	4	0	0	1	1.667965	0.000000	669.593323	1
3	2354	3860	3860	10	0	0	3	4.512304	0.000000	669.506042	3
1	1812	3875	3875	9	0	0	4	4.142907	0.000000	669.640686	1
